2 0.454375 0.509375 0.075 0.27875
0 0.451875 0.3925 0.02375 0.0425
3 0.460625 0.44125 0.02375 0.0375
1 0.463125 0.571875 0.02125 0.02875
2 0.565625 0.249375 0.05125 0.21
0 0.56625 0.160625 0.01625 0.03
1 0.573125 0.294375 0.015 0.02125
2 0.391875 0.25375 0.04875 0.21125
0 0.39375 0.163125 0.015 0.02875
1 0.398125 0.30375 0.015 0.02
2 0.328125 0.166875 0.0475 0.17375
0 0.33125 0.095625 0.01625 0.025
1 0.33125 0.205625 0.015 0.02
2 0.433125 0.12125 0.04125 0.165
0 0.430625 0.05125 0.0125 0.0225
1 0.433125 0.15375 0.0125 0.01625
2 0.900625 0.234375 0.05625 0.19625
0 0.905625 0.15125 0.01625 0.0275
1 0.915 0.270625 0.01625 0.02