1 0.784375 0.93125 0.06125 0.1375
0 0.795 0.87875 0.02125 0.03375
2 0.7375 0.660625 0.04625 0.14625
0 0.745 0.598125 0.0125 0.02
1 0.748125 0.705625 0.0125 0.0175
2 0.59125 0.558125 0.0425 0.14
0 0.5975 0.504375 0.01125 0.01375
0 0.595 0.499375 0.01 0.01875
1 0.594375 0.595625 0.01 0.01375
2 0.66625 0.5275 0.05 0.13125
0 0.6675 0.473125 0.01 0.01625
0 0.676875 0.479375 0.01125 0.01625
1 0.673125 0.5575 0.00875 0.015
2 0.57 0.473125 0.02875 0.11375
0 0.571875 0.433125 0.01 0.015
0 0.571875 0.42375 0.00875 0.0125
1 0.571875 0.498125 0.00875 0.0125