2 0.87 0.865625 0.06875 0.20375
1 0.89375 0.93 0.015 0.01875
0 0.88 0.780625 0.0175 0.03125
2 0.74 0.573125 0.04125 0.1325
0 0.745 0.5175 0.0125 0.01875
1 0.75125 0.61875 0.00875 0.0125
2 0.778125 0.53625 0.04375 0.12375
0 0.781875 0.48375 0.01125 0.0175
1 0.788125 0.56625 0.00875 0.0125
2 0.801875 0.4525 0.0375 0.09875
0 0.810625 0.4125 0.00875 0.01375
0 0.803125 0.410625 0.00875 0.01625
1 0.81 0.47375 0.0075 0.01125
2 0.429375 0.533125 0.03 0.13
0 0.428125 0.479375 0.01 0.02125
1 0.43 0.560625 0.00875 0.0125