2 0.64625 0.68375 0.0475 0.1725
0 0.65 0.61125 0.015 0.02625
1 0.65625 0.720625 0.0125 0.01875
2 0.8425 0.84125 0.065 0.20375
0 0.8525 0.75625 0.01625 0.03125
1 0.86625 0.88875 0.01625 0.0225
2 0.80375 0.638125 0.04625 0.1475
0 0.81125 0.57625 0.0125 0.025
1 0.81875 0.67375 0.01125 0.015
2 0.885625 0.60125 0.05 0.14125
0 0.895 0.549375 0.01375 0.01875
0 0.8925 0.53875 0.01125 0.015
1 0.89375 0.63625 0.01125 0.01375
2 0.8275 0.484375 0.03875 0.11
0 0.83125 0.439375 0.00875 0.01625
0 0.838125 0.448125 0.0075 0.01625