2 0.484375 0.671875 0.0525 0.1925
0 0.48625 0.5925 0.01375 0.03125
1 0.483125 0.725 0.015 0.0225
2 0.57125 0.745625 0.06125 0.22375
0 0.5675 0.6525 0.0175 0.03625
0 0.5825 0.6625 0.0175 0.035
1 0.58125 0.8075 0.01625 0.0225
2 0.571875 0.435 0.0375 0.1375
0 0.574375 0.378125 0.01375 0.025
1 0.578125 0.46625 0.01 0.01375
2 0.73 0.45625 0.04125 0.13625
0 0.735 0.3975 0.01125 0.0175
0 0.7375 0.414375 0.01375 0.0225
1 0.7425 0.489375 0.01125 0.01375
2 0.68375 0.33125 0.03 0.10625
0 0.6875 0.2875 0.01 0.01875
1 0.691875 0.354375 0.00875 0.01375
2 0.66125 0.248125 0.025 0.08875
0 0.66375 0.211875 0.0075 0.01375
1 0.665625 0.263125 0.0075 0.01