2 0.7975 0.885625 0.06875 0.20875
0 0.80625 0.796875 0.01875 0.02875
1 0.81875 0.94875 0.01625 0.02375
2 0.735625 0.623125 0.04875 0.14375
0 0.74 0.561875 0.0125 0.02
1 0.74875 0.654375 0.01125 0.01625
2 0.89875 0.61875 0.0675 0.15
0 0.903125 0.555625 0.015 0.02
0 0.91375 0.57 0.01375 0.02375
1 0.9125 0.656875 0.01125 0.015
0 0.865 0.49625 0.01375 0.02
2 0.856875 0.545 0.04875 0.12875
1 0.8625 0.57375 0.01 0.0125
2 0.7325 0.51625 0.04125 0.11125
0 0.7375 0.470625 0.01 0.0175
2 0.6 0.5275 0.035 0.125
0 0.603125 0.475 0.01 0.01625
1 0.60625 0.55375 0.01125 0.01375