2 0.279375 0.58875 0.1775 0.62
0 0.26875 0.311875 0.04375 0.06375
1 0.225 0.72625 0.04875 0.065
1 0.508125 0.603125 0.02875 0.0375
0 0.346875 0.33875 0.03 0.04875
2 0.4275 0.44875 0.05625 0.2275
1 0.4375 0.5075 0.01875 0.02625
0 0.420625 0.3475 0.02125 0.02875
2 0.50625 0.505 0.08375 0.3925
0 0.5075 0.330625 0.0275 0.0375
2 0.179375 0.405625 0.045 0.155
1 0.176875 0.430625 0.0125 0.01375
0 0.175625 0.34 0.0125 0.02125
2 0.35625 0.50375 0.08375 0.3825
2 0.215625 0.395625 0.0225 0.12375
0 0.21375 0.341875 0.01 0.0125