2 0.66625 0.584375 0.04 0.13875
0 0.6675 0.525 0.01125 0.0175
1 0.675625 0.618125 0.01125 0.01375
2 0.72625 0.50875 0.03875 0.12125
0 0.72875 0.455625 0.01 0.015
1 0.735625 0.535625 0.01 0.0125
2 0.78 0.511875 0.0375 0.11375
0 0.785625 0.465 0.01125 0.0175
1 0.789375 0.535625 0.00875 0.0125
2 0.66875 0.469375 0.03 0.105
0 0.670625 0.425625 0.01 0.01625
1 0.674375 0.495 0.00875 0.01125
2 0.886875 0.489375 0.03625 0.1125
0 0.89125 0.44125 0.00875 0.015
1 0.899375 0.51375 0.01 0.01125
0 0.788125 0.394375 0.00875 0.01375