2 0.71125 0.898125 0.0675 0.20375
0 0.71625 0.814375 0.02 0.03375
1 0.725625 0.959375 0.01625 0.025
2 0.726875 0.718125 0.04625 0.16125
0 0.73125 0.65 0.015 0.02625
1 0.740625 0.756875 0.0125 0.01875
2 0.838125 0.57375 0.04625 0.125
0 0.845 0.520625 0.01125 0.01875
1 0.85375 0.6 0.01 0.01375
2 0.725625 0.56 0.0375 0.1175
0 0.728125 0.509375 0.00875 0.01625
1 0.735625 0.583125 0.01 0.01375
2 0.57 0.450625 0.025 0.09375
0 0.571875 0.410625 0.0075 0.01375
1 0.5725 0.468125 0.0075 0.00875
2 0.66125 0.413125 0.025 0.085
0 0.663125 0.3775 0.00625 0.0125
1 0.66625 0.43 0.00625 0.0075