2 0.3625 0.65 0.04875 0.15
0 0.35625 0.59375 0.01 0.0175
0 0.360625 0.586875 0.01125 0.01875
1 0.35875 0.689375 0.0125 0.0175
2 0.4925 0.506875 0.03375 0.11625
0 0.490625 0.4575 0.01 0.0175
1 0.4925 0.531875 0.01 0.01125
2 0.46125 0.395625 0.02125 0.07875
0 0.461875 0.361875 0.00625 0.01125
1 0.4625 0.416875 0.005 0.0075
2 0.669375 0.40875 0.02625 0.0825
0 0.671875 0.374375 0.00625 0.01125
0 0.6775 0.3775 0.0075 0.0125
1 0.67375 0.42625 0.0075 0.00875
2 0.704375 0.395625 0.025 0.08
0 0.705625 0.361875 0.00625 0.01125
1 0.709375 0.42125 0.00625 0.00875
2 0.85875 0.861875 0.0875 0.2125
0 0.86375 0.7725 0.02 0.02875
0 0.873125 0.7925 0.02125 0.03375
1 0.879375 0.919375 0.015 0.02125