2 0.464375 0.75625 0.0975 0.3475
0 0.465625 0.605 0.025 0.04
0 0.46 0.634375 0.03125 0.045
1 0.473125 0.86625 0.02625 0.03375
2 0.248125 0.439375 0.07625 0.26
0 0.24375 0.328125 0.02 0.035
1 0.244375 0.488125 0.02 0.02625
2 0.864375 0.5825 0.125 0.3475
0 0.880625 0.439375 0.02625 0.05125
2 0.950625 0.526875 0.09625 0.27625
0 0.95375 0.410625 0.02375 0.0425
0 0.97125 0.415625 0.02375 0.045
1 0.97 0.5825 0.02 0.02625
2 0.703125 0.311875 0.06375 0.22125
0 0.704375 0.219375 0.01625 0.03125
1 0.715 0.353125 0.01875 0.0225