2 0.464375 0.75625 0.095 0.34625
0 0.465625 0.605 0.025 0.04
0 0.46 0.634375 0.03 0.045
1 0.473125 0.86625 0.025 0.03375
2 0.248125 0.439375 0.06 0.2575
0 0.24375 0.328125 0.01875 0.03375
1 0.244375 0.488125 0.02 0.02625
2 0.864375 0.5825 0.10125 0.34375
0 0.880625 0.439375 0.02625 0.0525
2 0.950625 0.526875 0.0825 0.2725
0 0.95375 0.410625 0.0225 0.0425
0 0.97125 0.415625 0.02125 0.045
1 0.97 0.5825 0.02 0.02625
2 0.703125 0.311875 0.06125 0.22125
0 0.704375 0.219375 0.01625 0.03125
1 0.715 0.353125 0.0175 0.02125