2 0.245625 0.399375 0.0225 0.1025
2 0.408125 0.448125 0.06875 0.21625
2 0.3025 0.50625 0.1375 0.39625
1 0.286875 0.591875 0.0375 0.045
0 0.290625 0.335 0.02875 0.04625
0 0.339375 0.34 0.02375 0.04
2 0.345 0.46375 0.075 0.29
1 0.388125 0.50375 0.01875 0.02625
0 0.4075 0.354375 0.0175 0.02375
2 0.498125 0.48875 0.10125 0.335
1 0.514375 0.57125 0.03 0.03625
0 0.4925 0.339375 0.025 0.03375
0 0.46875 0.343125 0.0175 0.02625
0 0.458125 0.344375 0.01125 0.02
2 0.22375 0.405625 0.0375 0.1225
0 0.216875 0.353125 0.01125 0.01625
1 0.218125 0.42625 0.01125 0.01375
1 0.244375 0.42875 0.01 0.0125
0 0.244375 0.354375 0.0075 0.01125