2 0.345625 0.781875 0.0525 0.1925
0 0.3425 0.700625 0.015 0.0275
1 0.34 0.841875 0.01375 0.02
2 0.661875 0.833125 0.05875 0.2125
0 0.670625 0.7475 0.0175 0.03375
1 0.675 0.91375 0.015 0.02375
2 0.581875 0.58625 0.035 0.13875
0 0.58375 0.526875 0.01 0.02
1 0.588125 0.61375 0.01 0.01375
2 0.548125 0.4225 0.02625 0.095
3 0.55 0.3825 0.00625 0.015
1 0.553125 0.44875 0.0075 0.00875
2 0.7 0.370625 0.0225 0.0775
0 0.701875 0.339375 0.00625 0.01125
3 0.705 0.34375 0.005 0.01
2 0.589375 0.468125 0.0275 0.10375
0 0.590625 0.424375 0.0075 0.01625
1 0.59375 0.48875 0.0075 0.01125