2 0.279375 0.58875 0.215 0.62875
0 0.26875 0.311875 0.04625 0.065
1 0.225 0.72625 0.0525 0.0675
1 0.508125 0.603125 0.03125 0.04
0 0.346875 0.33875 0.03125 0.04875
2 0.4275 0.44875 0.06125 0.22875
1 0.4375 0.5075 0.01875 0.02625
0 0.420625 0.3475 0.02125 0.03
2 0.50625 0.505 0.1 0.395
0 0.5075 0.330625 0.03 0.04
2 0.179375 0.405625 0.05375 0.15625
1 0.176875 0.430625 0.0125 0.01375
0 0.175625 0.34 0.01375 0.02
2 0.35625 0.50375 0.10875 0.38625
2 0.215625 0.395625 0.02875 0.12375
0 0.21375 0.341875 0.01 0.01125