0 0.590625 0.749375 0.02625 0.0575
2 0.590625 0.858125 0.09375 0.28375
2 0.719375 0.80875 0.09 0.3575
0 0.726875 0.65875 0.03 0.05875
1 0.73875 0.894375 0.02625 0.03375
2 0.893125 0.736875 0.10375 0.32125
0 0.89625 0.5975 0.02125 0.0375
0 0.910625 0.62 0.03 0.05875
1 0.915 0.82625 0.02375 0.0325
2 0.389375 0.4975 0.06875 0.2575
0 0.389375 0.388125 0.02125 0.03875
1 0.394375 0.573125 0.02 0.0275
2 0.574375 0.301875 0.05125 0.2075
0 0.57875 0.21625 0.01625 0.035
1 0.581875 0.3475 0.0175 0.0225
2 0.353125 0.185 0.04125 0.175
0 0.3525 0.111875 0.01625 0.0275
1 0.353125 0.218125 0.0125 0.0175
2 0.918125 0.3325 0.06125 0.21375
0 0.920625 0.240625 0.0175 0.025
0 0.931875 0.2525 0.02 0.03
1 0.934375 0.376875 0.0175 0.0225