2 0.454375 0.509375 0.0825 0.28
0 0.451875 0.3925 0.0275 0.04375
3 0.460625 0.44125 0.025 0.0375
1 0.463125 0.571875 0.0225 0.02875
2 0.565625 0.249375 0.0575 0.21125
0 0.56625 0.160625 0.01875 0.03
1 0.573125 0.294375 0.015 0.02125
2 0.391875 0.25375 0.065 0.215
0 0.39375 0.163125 0.015 0.02875
1 0.398125 0.30375 0.015 0.02125
2 0.328125 0.166875 0.05375 0.175
0 0.33125 0.095625 0.0175 0.025
1 0.33125 0.205625 0.015 0.01875
2 0.433125 0.12125 0.04875 0.16625
0 0.430625 0.05125 0.0125 0.0225
1 0.433125 0.15375 0.01125 0.015
2 0.900625 0.234375 0.06 0.1975
0 0.905625 0.15125 0.01625 0.0275
1 0.915 0.270625 0.01625 0.01875