2 0.60125 0.72125 0.06 0.1675
0 0.601875 0.65125 0.01375 0.02375
0 0.6125 0.666875 0.01625 0.0275
1 0.610625 0.76125 0.01375 0.01875
2 0.6125 0.500625 0.04625 0.12125
3 0.60625 0.449375 0.01 0.0175
2 0.458125 0.446875 0.035 0.11
0 0.458125 0.40125 0.01125 0.0175
1 0.460625 0.470625 0.0075 0.01125
2 0.5375 0.334375 0.02375 0.07375
0 0.536875 0.30375 0.00625 0.01
2 0.788125 0.37125 0.03625 0.08875
3 0.791875 0.335 0.00875 0.0125
2 0.701875 0.3525 0.025 0.08125
3 0.704375 0.319375 0.00625 0.01125
2 0.868125 0.525 0.0475 0.12375
0 0.8725 0.4725 0.01125 0.0175
1 0.88375 0.550625 0.00875 0.01125