2 0.275625 0.561875 0.12125 0.48125
1 0.2525 0.6675 0.03875 0.0475
0 0.270625 0.345625 0.03625 0.04875
0 0.33625 0.355625 0.0275 0.0375
2 0.345 0.5025 0.0775 0.33125
1 0.420625 0.533125 0.0175 0.0225
2 0.425 0.475 0.04875 0.22375
0 0.420625 0.375625 0.0175 0.03
0 0.4375 0.364375 0.01625 0.025
0 0.389375 0.375625 0.01375 0.02
0 0.193125 0.36875 0.01375 0.02
2 0.19625 0.425625 0.0375 0.13625
1 0.193125 0.450625 0.01125 0.01625
2 0.483125 0.5225 0.09 0.36375
1 0.500625 0.615625 0.02875 0.03375
0 0.484375 0.36125 0.0275 0.04