3 0.2747820782463038 0.49084359375205955 0.04456222749876284 0.04604888555165907
3 0.5159249773872212 0.5959093745979058 0.029762743102595125 0.03174092370110611
0 0.486853873814605 0.7782815438347851 0.0338703889641522 0.05054547077900669
3 0.4205859011770823 0.478932154629678 0.05130355042954129 0.055532979707460586
1 0.29046463195520544 0.5639401745151803 0.20853171076327684 0.46415577759614024
1 0.4259074869981596 0.556112263395976 0.23804214834794787 0.5208694277582959
0 0.24889352838258935 0.7465305320636622 0.050723696291098366 0.07425570616851011
1 0.5156892820006339 0.6450872142894803 0.1449937539567289 0.32411143019392785
2 0.37750985131336784 0.7349191018697344 0.0543400192218769 0.08368525324641088
0 0.38640017243512403 0.7737906870970821 0.05384869629109836 0.07431025324641087
0 0.47653052747807817 0.7667537086074375 0.03904921189493056 0.06000229139585791