0 0.590625 0.23333333333333334 0.021875 0.03888888888888889
0 0.259375 0.21666666666666667 0.025 0.05277777777777778
0 0.6953125 0.23055555555555557 0.025 0.03611111111111111
0 0.128125 0.23055555555555557 0.028125 0.05555555555555555
3 0.6859375 0.25277777777777777 0.028125 0.05
1 0.6890625 0.39444444444444443 0.0203125 0.025
1 0.584375 0.38333333333333336 0.01875 0.022222222222222223
2 0.25625 0.3527777777777778 0.0875 0.3277777777777778
2 0.1328125 0.3861111111111111 0.11875 0.36944444444444446
2 0.59375 0.34444444444444444 0.0609375 0.25833333333333336
2 0.6984375 0.35 0.065625 0.2833333333333333