0 0.475 0.2111111111111111 0.0390625 0.06666666666666667
0 0.5625 0.22777777777777777 0.028125 0.05277777777777778
0 0.575 0.21944444444444444 0.0234375 0.04722222222222222
1 0.4484375 0.5 0.040625 0.04722222222222222
2 0.3390625 0.4 0.1140625 0.44166666666666665
2 0.4703125 0.425 0.1328125 0.49722222222222223
0 0.3359375 0.21666666666666667 0.0359375 0.06944444444444445
2 0.575 0.3527777777777778 0.0796875 0.3111111111111111
3 0.459375 0.24722222222222223 0.0375 0.075
1 0.3078125 0.46944444444444444 0.034375 0.03888888888888889
1 0.565625 0.4 0.0234375 0.025