3 0.034375 0.28888888888888886 0.028125 0.05277777777777778
0 0.0515625 0.22777777777777777 0.0375 0.06944444444444445
2 0.259375 0.35 0.0859375 0.29444444444444445
2 0.6203125 0.35 0.065625 0.26944444444444443
1 0.421875 0.425 0.0265625 0.030555555555555555
3 0.4296875 0.2611111111111111 0.034375 0.075
2 0.0625 0.3861111111111111 0.1234375 0.3972222222222222
0 0.09375 0.22777777777777777 0.034375 0.07222222222222222
0 0.4453125 0.2222222222222222 0.028125 0.05
2 0.4421875 0.36666666666666664 0.0953125 0.3416666666666667
0 0.61875 0.24444444444444444 0.025 0.05
0 0.259375 0.22777777777777777 0.0234375 0.041666666666666664
1 0.6109375 0.4083333333333333 0.0203125 0.025