0 0.06015625 0.22109375 0.0234375 0.06015625
1 0.38203125 0.40078125 0.14140625 0.48046875
1 0.05234375 0.38046875 0.1046875 0.384375
1 0.6984375 0.36796875 0.09140625 0.34375
1 0.2484375 0.34375 0.08203125 0.28125
0 0.384375 0.203125 0.0328125 0.0640625
0 0.35390625 0.1984375 0.03828125 0.0765625
0 0.03671875 0.2296875 0.0328125 0.071875
0 0.25 0.2390625 0.021875 0.046875
0 0.26484375 0.23046875 0.01953125 0.046875
2 0.69921875 0.26171875 0.03515625 0.06640625
3 0.69453125 0.43125 0.02578125 0.02890625
3 0.3625 0.48828125 0.03671875 0.0453125