0 0.265625 0.23055555555555557 0.01875 0.04722222222222222
0 0.0609375 0.2222222222222222 0.0234375 0.06111111111111111
2 0.053125 0.38055555555555554 0.1046875 0.38333333333333336
2 0.6984375 0.36666666666666664 0.090625 0.3416666666666667
2 0.2484375 0.34444444444444444 0.08125 0.28055555555555556
0 0.384375 0.20277777777777778 0.0328125 0.06388888888888888
0 0.3546875 0.2 0.0375 0.075
0 0.0375 0.23055555555555557 0.0328125 0.07222222222222222
0 0.25 0.2388888888888889 0.021875 0.04722222222222222
2 0.38125 0.4 0.140625 0.48055555555555557
1 0.3625 0.4888888888888889 0.0359375 0.044444444444444446
1 0.69375 0.4305555555555556 0.0265625 0.027777777777777776
3 0.7 0.2611111111111111 0.034375 0.06666666666666667