1 0.6544763736720134 0.5485763554622459 0.2839048341561806 0.12716192927905431
1 0.6355412696642008 0.7250489642297516 0.40400043502986127 0.19050529941909958
1 0.6171264165094094 0.309171407157657 0.299493466565 0.12632717535011295
1 0.669354531632048 0.6469945847840816 0.2588684665650002 0.12443503556536051
1 0.6504077759324648 0.4886748165871165 0.2286354526972918 0.09961481803034929
0 0.7650326671749996 0.526258245661283 0.04756598423243048 0.03187073821317572
0 0.7413964518442704 0.46882888937497674 0.03960801386770836 0.025256865177646404
0 0.739365092421215 0.2878699878034002 0.04131598423243048 0.03157963978475227
0 0.7366583197197913 0.27004678701761187 0.03644664627652787 0.023548815963434677
0 0.7907379159407286 0.6959692781262717 0.07449216014423606 0.0487329065339754
0 0.7673562737482633 0.6276024218399654 0.04756598423243048 0.03187073821317572
3 0.5691246743931941 0.3262347826743857 0.03023301386770836 0.02482021753501131