0 0.5171875 0.2111111111111111 0.0375 0.058333333333333334
2 0.3625 0.4 0.1171875 0.4444444444444444
2 0.521875 0.4305555555555556 0.14375 0.5055555555555555
2 0.7390625 0.34444444444444444 0.0625 0.24722222222222223
1 0.334375 0.48055555555555557 0.034375 0.03333333333333333
1 0.7375 0.3861111111111111 0.01875 0.022222222222222223
1 0.4859375 0.5305555555555556 0.0375 0.044444444444444446
0 0.3484375 0.2111111111111111 0.028125 0.05277777777777778
0 0.740625 0.24444444444444444 0.025 0.041666666666666664
3 0.5 0.25555555555555554 0.0453125 0.08055555555555556
0 0.371875 0.2111111111111111 0.034375 0.06666666666666667