0 0.615625 0.23333333333333334 0.0234375 0.041666666666666664
3 0.290625 0.25 0.0390625 0.07777777777777778
1 0.5265625 0.4388888888888889 0.025 0.030555555555555555
2 0.6234375 0.3416666666666667 0.065625 0.25833333333333336
1 0.278125 0.46944444444444444 0.0328125 0.03888888888888889
0 0.165625 0.25 0.0234375 0.044444444444444446
2 0.540625 0.36944444444444446 0.0796875 0.31666666666666665
0 0.5375 0.24166666666666667 0.0296875 0.058333333333333334
0 0.3125 0.21388888888888888 0.0359375 0.06666666666666667
2 0.3140625 0.39444444444444443 0.125 0.43333333333333335
2 0.165625 0.3638888888888889 0.08125 0.275