2 0.390625 0.34444444444444444 0.06875 0.26666666666666666
2 0.221875 0.3888888888888889 0.109375 0.38055555555555554
2 0.6328125 0.35 0.065625 0.2833333333333333
2 0.2921875 0.34444444444444444 0.071875 0.24166666666666667
2 0.45 0.3388888888888889 0.053125 0.21666666666666667
0 0.390625 0.2361111111111111 0.0234375 0.041666666666666664
0 0.4515625 0.25 0.01875 0.03611111111111111
0 0.6296875 0.22777777777777777 0.0234375 0.03611111111111111
0 0.646875 0.22777777777777777 0.015625 0.03333333333333333
0 0.2203125 0.23333333333333334 0.0328125 0.06666666666666667
0 0.290625 0.24722222222222223 0.0234375 0.041666666666666664
1 0.625 0.4 0.0203125 0.025