0 0.8475986962910984 0.0242946586972015 0.07055151741285463 0.03837923151356136
1 0.6207583938253921 0.36114772951801 0.5572680246489439 0.25988583632347523
1 0.672066429782755 0.050039984426745954 0.4347578595655099 0.10007996885349191
1 0.6249976729968917 0.7111855268730566 0.397005554047586 0.17422281015629046
1 0.6956245177515388 0.21965120328023788 0.32571040818602875 0.15137757338105723
0 0.836540524083117 0.3814925086689666 0.07737472749876276 0.04968075256024873
0 0.844236837402957 0.3489152270989355 0.09184666327441145 0.058312299915295365
0 0.8411063568519765 0.011927156958260526 0.0829696302577247 0.023854313916521052
0 0.809066220035531 0.23106757443986475 0.056325243102595124 0.034435184158514695
0 0.8177794787419582 0.24780004813150552 0.05616146879233561 0.0313101841585147
2 0.7415234317033189 0.7216386375093398 0.08066350180902226 0.0529877630835923
3 0.557073188600724 0.7010362531249461 0.036094630257724705 0.034814615756780756
3 0.5259881264125376 0.33218754258748495 0.057144114653892686 0.050060184158514785