3 0.4515625 0.5921875 0.04609375 0.04921875
3 0.06484375 0.63359375 0.05625 0.05234375
0 0.4453125 0.26796875 0.046875 0.090625
0 0.62890625 0.2625 0.02890625 0.05078125
3 0.6140625 0.45859375 0.02578125 0.03046875
0 0.46640625 0.23125 0.05078125 0.096875
1 0.01640625 0.428125 0.0328125 0.32109375
2 0.00703125 0.29375 0.0140625 0.04375
1 0.121875 0.52109375 0.203125 0.6734375
1 0.4734375 0.49375 0.16796875 0.6234375
1 0.62890625 0.40703125 0.08984375 0.34375
2 0.0734375 0.271875 0.05 0.10078125
0 0.12578125 0.24921875 0.06640625 0.121875