1 0.6467869108339273 0.3583214280852743 0.26383425782192055 0.09015576775153882
3 0.20374766929113236 0.928314187018844 0.08727175782192056 0.0809025192218769
1 0.5369737531249461 0.5484750373120999 0.45028696828879455 0.16223656490171975
1 0.3836575792780136 0.84765625 0.7673151585560272 0.3046875
1 0.6045847293062485 0.4101804992070305 0.3257728157003109 0.11053686680159913
0 0.7152051689381965 0.5828920601520214 0.07267863680346806 0.04430992198083885
3 0.4724184294615402 0.5670336075293451 0.037848610495108834 0.034695904567984215
3 0.5643314556287251 0.4151236267512218 0.028018584186749608 0.02639208163720568
2 0.6804235613562722 0.9109794386007237 0.13414675782192056 0.08335913387576924
0 0.749646600324701 0.3817356739014028 0.04364358418674961 0.027210953188503327
2 0.7368056951053814 0.4272971573930594 0.04695059471009326 0.03049972749876275
3 0.6025363818947321 0.3646223377416412 0.024620568401734034 0.021540807326946253