1 0.12956548319408603 0.49061643052176745 0.25913096638817207 0.6624828610435349
1 0.4551120394689649 0.6059157402374427 0.18985826783167817 0.4806783491396782
1 0.3650799470736191 0.6483708849494443 0.15985775003718103 0.3961488130353249
3 0.44208014026726766 0.5230077914671066 0.04259867688202625 0.048673849336070066
0 0.3335859134617912 0.8076004392041704 0.043299013840164415 0.06586134933607006
3 0.07644450589431799 0.36771928600615766 0.06348417984777566 0.0628545240041051
3 0.37191222030532367 0.5382282704880637 0.03434050790866543 0.03769089754067192
0 0.4193788334237351 0.7924708637740095 0.05806185079830275 0.08313066256778665
2 0.05084900931717806 0.7465664486721402 0.07977502471457935 0.11762383723582168
1 0.7072966219784789 0.6112900832288009 0.39370746250820154 0.61464532474279
2 0.6507760720550285 0.8477361224564124 0.07913835475263546 0.10199883723582168