2 0.11052243965924531 0.6756154708367964 0.07359400889724857 0.045116181824942106
1 0.24669333889812362 0.35808577813743947 0.40005303262324476 0.17073158304098665
1 0.2947037800774247 0.6345726822820525 0.4633170365775775 0.19202826288876232
1 0.2189688814072001 0.1579876190499104 0.31357702174882984 0.11573106524648953
1 0.2409633092406284 0.49871077813743947 0.30002385771838497 0.12765806228074011
3 0.3759033364266656 0.3645201674533049 0.0419620069200823 0.03446784190105419
3 0.3604269391649537 0.6677725014456938 0.04215300790866543 0.039155341901054186
0 0.093300377947159 0.17948722874546175 0.052899506920082204 0.034913510874414924
3 0.263149962928131 0.1647668596583703 0.030769838935304605 0.02777217292769345
0 0.12639147327107322 0.5158584688596299 0.05739600593149906 0.030417011862997965
0 0.08961566794759653 0.38476497775687857 0.07059634288963737 0.04811384783255317
0 0.12087364372730876 0.49814438684440765 0.04939250494291586 0.025411176882026255