1 0.03515625 0.46015625 0.0703125 0.4546875
1 0.21640625 0.50859375 0.1890625 0.61484375
1 0.34765625 0.3875 0.08671875 0.325
1 0.425 0.37578125 0.05859375 0.21796875
1 0.534375 0.38828125 0.0609375 0.27109375
0 0.01640625 0.2734375 0.03203125 0.0765625
2 0.18671875 0.26640625 0.05078125 0.1140625
0 0.35078125 0.25703125 0.02890625 0.05859375
3 0.1828125 0.64375 0.04765625 0.05390625
0 0.42578125 0.2890625 0.0203125 0.04296875
0 0.21640625 0.25078125 0.04375 0.09140625
0 0.603125 0.265625 0.0359375 0.065625
0 0.53984375 0.2734375 0.02265625 0.03828125
0 0.58359375 0.2703125 0.01953125 0.059375
3 0.52890625 0.4609375 0.02109375 0.028125
3 0.59375 0.53046875 0.028125 0.03515625
1 0.60546875 0.4390625 0.11484375 0.41640625