0 0.2816082138795331 0.5734979302802086 0.03682883794672147 0.02271145459715278
3 0.5909102766173836 0.6784458823119103 0.0534725098858317 0.048075130508958355
0 0.27755077216875934 0.6922661140757989 0.0961693458553869 0.061557055470833434
2 0.27769664669305827 0.49677177611989604 0.03845500494291585 0.024310322188333445
1 0.43366150931717806 0.7568949245806255 0.31459569368794005 0.1353257830537503
1 0.49430453205459113 0.6503916578631255 0.557032544486243 0.2237025245043755
2 0.28370124897423576 0.40698257750666694 0.0672166749048598 0.040589938829583436
3 0.41199073365119654 0.4826937051658337 0.025891337946721472 0.022456881458888845
0 0.3098420073400117 0.7633968848773615 0.05771434091247105 0.037246733282499986
1 0.360491900647391 0.47993107465687534 0.27301568874502424 0.1109427256830557
0 0.2534778966930583 0.4962080784565974 0.04802100593149898 0.029216027735416716
1 0.41750058741524887 0.38585507275701425 0.3802206936879401 0.13685322188333365
1 0.3673374668452826 0.561417463999549 0.2191903517868859 0.09251872758291686