0 0.33125 0.34444444444444444 0.0265625 0.05555555555555555
1 0.321875 0.5972222222222222 0.03125 0.03611111111111111
1 0.08125 0.7333333333333333 0.0515625 0.06388888888888888
1 0.459375 0.6194444444444445 0.0359375 0.041666666666666664
3 0.09375 0.3055555555555556 0.05 0.09166666666666666
0 0.3515625 0.35 0.0328125 0.058333333333333334
0 0.11875 0.2638888888888889 0.05625 0.09722222222222222
0 0.4640625 0.3611111111111111 0.0375 0.075
2 0.109375 0.55 0.1953125 0.6805555555555556
2 0.3296875 0.5222222222222223 0.1125 0.4166666666666667
2 0.471875 0.5611111111111111 0.109375 0.4666666666666667