0 0.66484375 0.2859375 0.02578125 0.0453125
3 0.81953125 0.440625 0.01953125 0.01953125
1 0.1890625 0.53203125 0.246875 0.82578125
1 0.66171875 0.40390625 0.0671875 0.28515625
1 0.046875 0.421875 0.075 0.3328125
0 0.14375 0.184375 0.0734375 0.1296875
3 0.525 0.515625 0.03515625 0.0390625
3 0.1234375 0.70078125 0.059375 0.065625
0 0.18828125 0.21484375 0.0453125 0.10546875
0 0.53359375 0.25625 0.04140625 0.07421875
3 0.66875 0.45625 0.02109375 0.02421875
0 0.06328125 0.28984375 0.02890625 0.06328125
1 0.28046875 0.409375 0.0796875 0.309375
0 0.8390625 0.3046875 0.02265625 0.03828125
1 0.83125 0.4078125 0.065625 0.2484375
0 0.28203125 0.28359375 0.01953125 0.046875
0 0.26484375 0.284375 0.02265625 0.04921875
1 0.53125 0.44921875 0.115625 0.46953125