2 0.18125 0.5388888888888889 0.1234375 0.48333333333333334
3 0.765625 0.43333333333333335 0.046875 0.08888888888888889
2 0.796875 0.5722222222222222 0.2484375 0.5305555555555556
3 0.1765625 0.3277777777777778 0.0265625 0.05277777777777778
1 0.54375 0.5666666666666667 0.025 0.027777777777777776
3 0.171875 0.37222222222222223 0.034375 0.09166666666666666
1 0.153125 0.6194444444444445 0.0375 0.04722222222222222
2 0.5453125 0.525 0.071875 0.3194444444444444
0 0.5453125 0.39166666666666666 0.0265625 0.04722222222222222
3 0.7984375 0.3527777777777778 0.0375 0.08055555555555556
0 0.0359375 0.21666666666666667 0.071875 0.1638888888888889
2 0.0859375 0.5611111111111111 0.171875 0.8722222222222222