1 0.096875 0.509375 0.19375 0.640625
3 0.73671875 0.446875 0.0234375 0.03125
1 0.43828125 0.43203125 0.10234375 0.36953125
1 0.58984375 0.4125 0.08828125 0.334375
3 0.425 0.49453125 0.028125 0.03046875
3 0.040625 0.65 0.053125 0.05703125
0 0.44296875 0.27578125 0.03125 0.05859375
3 0.59140625 0.4671875 0.02421875 0.0265625
0 0.77734375 0.284375 0.02578125 0.0453125
1 0.771875 0.40625 0.1 0.28984375
0 0.084375 0.24296875 0.046875 0.09296875
2 0.4203125 0.29140625 0.02734375 0.05234375
0 0.11875 0.26328125 0.0578125 0.10078125
0 0.584375 0.29453125 0.025 0.046875
0 0.59140625 0.26796875 0.02734375 0.04296875
0 0.8296875 0.30703125 0.02265625 0.040625