1 0.4609375 0.27421875 0.1265625 0.5484375
1 0.56640625 0.23046875 0.09609375 0.35078125
1 0.76953125 0.23203125 0.07734375 0.303125
1 0.69765625 0.27421875 0.09296875 0.39453125
1 0.08125 0.253125 0.16171875 0.48671875
0 0.45859375 0.0453125 0.046875 0.090625
2 0.69765625 0.11015625 0.034375 0.0609375
0 0.759375 0.10625 0.0265625 0.04921875
0 0.56328125 0.08203125 0.02890625 0.0515625
3 0.6828125 0.33828125 0.0328125 0.0390625
3 0.42578125 0.3640625 0.04453125 0.0453125
3 0.5390625 0.2984375 0.0296875 0.03125
0 0.24765625 0.128125 0.02421875 0.04609375
0 0.40625 0.11484375 0.02734375 0.05
1 0.24453125 0.23828125 0.10078125 0.26875
3 0.75 0.284375 0.0234375 0.0234375
0 0.10703125 0.059375 0.04609375 0.08125