1 0.6046875 0.51171875 0.06953125 0.29375
1 0.0875 0.5703125 0.175 0.659375
1 0.45625 0.51796875 0.0734375 0.3546875
1 0.27421875 0.48046875 0.06328125 0.29453125
1 0.359375 0.55625 0.13515625 0.51484375
0 0.278125 0.35703125 0.02578125 0.0453125
0 0.1328125 0.34296875 0.03828125 0.06875
0 0.15625 0.33046875 0.028125 0.059375
0 0.60234375 0.3890625 0.02578125 0.04375
0 0.45078125 0.37734375 0.02578125 0.05625
0 0.47421875 0.3734375 0.02890625 0.05625
1 0.1640625 0.50546875 0.0921875 0.41875
0 0.3625 0.3265625 0.0484375 0.06171875
2 0.0640625 0.32578125 0.09765625 0.1453125
0 0.3296875 0.3515625 0.0234375 0.04296875
3 0.446875 0.59375 0.02734375 0.03203125
0 0.36953125 0.35546875 0.046875 0.08046875
3 0.2640625 0.54375 0.0234375 0.028125
3 0.60390625 0.56875 0.02265625 0.028125
3 0.346875 0.65078125 0.03984375 0.04609375
3 0.046875 0.671875 0.0484375 0.053125