1 0.20682273651354127 0.4364627875289796 0.16320143559854214 0.5732995316346615
1 0.7104919439604858 0.4596483477581911 0.10516681078916701 0.3601973537640523
1 0.5452306198722913 0.4507720493547966 0.1469192061157642 0.4102901956651065
1 0.865978224545694 0.48609414813875196 0.10909059137437538 0.32757585475263545
0 0.18654203163204805 0.6706613739928263 0.055197952697291754 0.09122717787060922
2 0.8542036167381593 0.5560392336140155 0.024528527735416715 0.04783000494291585
0 0.857563699660069 0.6128794826254322 0.027944468464860962 0.060457338935304604
0 0.6953546403895133 0.607000850229649 0.03419446846486114 0.06071200692008212
0 0.5484432727983328 0.6145480478719219 0.040553571238402954 0.06565417490485981
3 0.556151242497465 0.3839837973776303 0.03372168977951393 0.04039950692008221
3 0.7102204934473955 0.4042432647543855 0.03052395459715278 0.03714717292769341
3 0.19323432161965245 0.34959945749092347 0.04324216014423614 0.04703150889724857