1 0.26953125 0.50546875 0.1 0.41875
0 0.35078125 0.353125 0.04375 0.08125
1 0.3453125 0.53046875 0.0828125 0.46015625
0 0.265625 0.33671875 0.02578125 0.053125
0 0.28828125 0.3296875 0.0328125 0.0703125
3 0.03125 0.5828125 0.03671875 0.0453125
2 0.4546875 0.34296875 0.04453125 0.09375
0 0.04921875 0.328125 0.03828125 0.06796875
1 0.434375 0.5734375 0.1546875 0.55546875
1 0.0546875 0.5125 0.109375 0.44375
3 0.4171875 0.7140625 0.0421875 0.05390625
2 0.41796875 0.36484375 0.034375 0.07578125
3 0.26640625 0.5890625 0.03125 0.03671875
3 0.33046875 0.621875 0.034375 0.04296875