2 0.3203125 0.5 0.134375 0.4583333333333333
2 0.6484375 0.49166666666666664 0.1078125 0.35555555555555557
2 0.753125 0.5166666666666667 0.096875 0.38055555555555554
0 0.7515625 0.35833333333333334 0.034375 0.058333333333333334
0 0.321875 0.3277777777777778 0.0390625 0.075
0 0.2859375 0.3055555555555556 0.0375 0.06666666666666667
3 0.6390625 0.3611111111111111 0.028125 0.05555555555555555
0 0.6546875 0.34444444444444444 0.028125 0.058333333333333334
1 0.6296875 0.575 0.025 0.030555555555555555
1 0.2875 0.5833333333333334 0.0328125 0.03333333333333333
1 0.7546875 0.5777777777777777 0.028125 0.030555555555555555