0 0.46257665015556515 0.9985595862273143 0.07538182954530477 0.0028808275453712897
1 0.6111078331921622 0.8879197626108846 0.37260347727182863 0.14849758188408835
1 0.6361979675293007 0.4917553920565547 0.4445330243497292 0.1549702138109577
1 0.5928861185022354 0.6489835411469318 0.3755648360381265 0.13926813109830008
1 0.6123381331160271 0.15341848407483732 0.7528012662320543 0.2848590368037057
1 0.6332340235323597 0.9734504243166556 0.4278170827917158 0.053099151366688704
0 0.32076824188232517 0.13047101984959492 0.14832049756436802 0.08965331306795062
3 0.8830460994308073 0.18866474110415066 0.06992276217486477 0.07038958271265772
0 0.452631491068251 0.4847668757216164 0.06477161201270895 0.043608758891340214
3 0.7247383161493289 0.5107109073580356 0.04593979139585791 0.03804796360606986
0 0.44757361850223526 0.6422155026860871 0.0740647913958579 0.0393579065339754
0 0.463519767039538 0.8849488122393812 0.06781479139585792 0.03906680810555159