1 0.6140625 0.5944444444444444 0.0234375 0.027777777777777776
1 0.2890625 0.6388888888888888 0.0328125 0.03888888888888889
1 0.696875 0.5777777777777777 0.0265625 0.03333333333333333
1 0.00625 0.8111111111111111 0.0109375 0.05555555555555555
0 0.6046875 0.3861111111111111 0.025 0.05
0 0.6234375 0.38333333333333336 0.01875 0.041666666666666664
0 0.0359375 0.4 0.034375 0.06666666666666667
2 0.6125 0.5055555555555555 0.0765625 0.29444444444444445
3 0.3 0.36666666666666664 0.034375 0.05555555555555555
2 0.309375 0.5444444444444444 0.109375 0.425
2 0.040625 0.5583333333333333 0.08125 0.39166666666666666