0 0.378140812317921 0.6845157272751239 0.038484179847775656 0.0631272913958579
1 0.29530977178601087 0.4936373571447402 0.10559206129215681 0.2922614123370204
3 0.6926530039915137 0.402266694403978 0.02777217292769336 0.030151150162155815
2 0.7190894644853678 0.6097655487060492 0.028918178859192522 0.058276150162155815
0 0.7338523014435061 0.626707586855496 0.038547846843970036 0.06468979139585791
0 0.31864379551200706 0.605810074677336 0.028663510874414922 0.05202615016215582
0 0.4100938078692968 0.6628492329571667 0.04349001482874759 0.07102161201270896
0 0.8128394644853678 0.6081291363690287 0.04154551285158128 0.061619338473758486
3 0.7932114195048333 0.39503880114168105 0.031088173916276673 0.03489319724005648
1 0.3969041052841081 0.49264582711296806 0.15889742790779043 0.4508921185055305
1 0.7146500207974278 0.48162691193657386 0.12382740813612685 0.35659664772652383
1 0.8017215978697344 0.45039845698587966 0.11709724707143172 0.38302278003177204
3 0.3609719224705829 0.4166560714309252 0.037274506920082294 0.03343979139585773