1 0.459499128840242 0.8934558146085481 0.45396828130301115 0.2083248613939972
1 0.3884201815731637 0.3127967079487751 0.6241915012659444 0.2524759454169053
1 0.4016592476377473 0.15859375 0.803209367870833 0.3171875
2 0.2199256750345598 0.5906506299729558 0.06246528366526398 0.04445907200827239
0 0.06722224945184582 0.20164376865850037 0.12331350362819707 0.08733746268299925
1 0.3609524352013608 0.3990887439529113 0.48763395317271013 0.18841235073199697
0 0.1622247585223385 0.4154693639799555 0.07836310217691826 0.05245338534372675
1 0.3892014646902735 0.5589813646165023 0.4216270072563941 0.1767112347230883
3 0.4764460043459873 0.5282666192711847 0.04667659255827132 0.03958975867281787
3 0.5030555673305279 0.08168197326545766 0.08225199400955034 0.07436474801081767
0 0.294985250254454 0.9719637172979108 0.07674603847458741 0.05087270401018138
0 0.1395387374709463 0.34773697131604625 0.1040724303072194 0.0730567866804539
3 0.4702133293962455 0.2602615066040938 0.06290179328391084 0.056959072008272396
2 0.3229837646824243 0.9903955439608655 0.07387400961864685 0.013354522676635838