3 0.08671875 0.75078125 0.06015625 0.07109375
3 0.428125 0.5890625 0.03359375 0.04296875
3 0.25390625 0.5953125 0.03203125 0.0390625
0 0.26875 0.31328125 0.0421875 0.08046875
1 0.13359375 0.6046875 0.23203125 0.7703125
1 0.36328125 0.50078125 0.08203125 0.359375
1 0.54609375 0.50078125 0.08203125 0.33203125
1 0.26796875 0.503125 0.1015625 0.459375
1 0.446875 0.51796875 0.1078125 0.45703125
3 0.5421875 0.56328125 0.02578125 0.03125
0 0.4359375 0.35859375 0.03828125 0.0640625
0 0.4390625 0.32109375 0.0375 0.05
0 0.546875 0.36640625 0.03125 0.05546875
0 0.35859375 0.353125 0.03203125 0.06015625
2 0.12109375 0.28046875 0.06640625 0.11015625
3 0.3609375 0.55546875 0.02890625 0.03125