3 0.7296875 0.60390625 0.02578125 0.0296875
1 0.2125 0.62109375 0.27890625 0.74296875
1 0.50703125 0.54296875 0.08203125 0.378125
0 0.50703125 0.38515625 0.034375 0.06328125
2 0.16484375 0.321875 0.06953125 0.13984375
0 0.2203125 0.3296875 0.0671875 0.15703125
3 0.503125 0.62109375 0.02578125 0.0296875
3 0.1609375 0.9203125 0.06796875 0.08359375
1 0.73515625 0.56328125 0.0875 0.33671875
1 0.61484375 0.546875 0.07578125 0.33984375
0 0.60859375 0.40703125 0.03046875 0.05703125
0 0.7296875 0.42421875 0.03125 0.05703125