3 0.5265625 0.57109375 0.02109375 0.028125
3 0.3390625 0.56875 0.025 0.028125
1 0.290625 0.49375 0.06015625 0.3015625
0 0.2125 0.35390625 0.0421875 0.0796875
0 0.29296875 0.3671875 0.02578125 0.04375
0 0.35078125 0.3609375 0.02890625 0.053125
1 0.2203125 0.5515625 0.12578125 0.48203125
1 0.52734375 0.51796875 0.0765625 0.29609375
1 0.35 0.50390625 0.0765625 0.340625
0 0.53203125 0.396875 0.02578125 0.05078125
3 0.19921875 0.6140625 0.03671875 0.04296875
3 0.2796875 0.54453125 0.0234375 0.02890625