0 0.05439974628698492 0.9109375 0.10879949257396984 0.178125
1 0.613896253458561 0.5935726031814251 0.11745540634542025 0.3705008986760923
1 0.7885614367610053 0.5664943345701754 0.12895839073632373 0.43187504631872764
3 0.588253901914615 0.5211689102535197 0.02609127404661713 0.03241439371369381
2 0.6030802606301371 0.7464428920565547 0.03299603847458741 0.05145549214211727
3 0.7861928941100667 0.49986976074885775 0.03579365626060245 0.04222604135632881
1 0.9199552805004032 0.6133051761741732 0.09813992195451675 0.308762877997928
3 0.9045783063611186 0.5382495181924559 0.02285714664195524 0.029143844499482086
0 0.9155901843139347 0.7383051761741732 0.03633929328391048 0.05785104135632899
1 0.1819221225953383 0.503125 0.3638442451906766 0.99375
0 0.7902628020999494 0.7418582076057045 0.04011905771188111 0.07674659057054072