3 0.97421875 0.86640625 0.05078125 0.08046875
0 0.54375 0.334375 0.0234375 0.05
1 0.540625 0.44296875 0.0765625 0.27109375
0 0.67734375 0.30546875 0.03828125 0.06953125
0 0.846875 0.3640625 0.0328125 0.05703125
1 0.671875 0.503125 0.1046875 0.46640625
1 0.3609375 0.53046875 0.321875 0.92109375
1 0.8359375 0.51875 0.09375 0.36875
0 0.39140625 0.1578125 0.1 0.18203125
0 0.56015625 0.33984375 0.0171875 0.04609375
3 0.2703125 0.87890625 0.0921875 0.1203125
3 0.65390625 0.58046875 0.034375 0.04296875
3 0.821875 0.590625 0.03046875 0.0359375