0 0.24549340816798243 0.9741625771970309 0.05814884328594587 0.0516748456059382
3 0.7460918092246958 0.6926892006457736 0.03144089754067192 0.03372178213245362
3 0.8755565954272452 0.6581814714954561 0.028315897540672097 0.03363085391920819
3 0.42658328512239485 0.6872980408414352 0.05342498184962743 0.05310827962517113
2 0.9163002909761273 0.8140283062143343 0.03465680113146803 0.04943771034569897
1 0.3117673270804808 0.8229961969513567 0.15792262607064966 0.2920464106622681
0 0.5266070527817881 0.9602855967930722 0.05829428903121965 0.07942880641385557
1 0.4856088271786767 0.7544698543149198 0.24354300526455736 0.4910602913701606
1 0.6503798543060398 0.7555181580884787 0.18510327048806374 0.3990693004748536
1 0.19526108313060503 0.797875210345699 0.2461134933607006 0.40424957930860206
1 0.770592360356164 0.741831394298425 0.14570442720211788 0.34012019780928676
1 0.8898827158405542 0.7039031484550602 0.12822603571157032 0.28962009263643723
0 0.7994900408779315 0.8754622482176334 0.040970433645025395 0.06055706677218993
3 0.6061935170702182 0.6792451631030436 0.037727258976990544 0.04015363855894431
0 0.3373945618569745 0.9315361226573199 0.03467498184962743 0.05256271034569906
0 0.6879985498549219 0.9112740645941116 0.04726588544042354 0.06855142319868043