1 0.2576555022394952 0.5190501334799296 0.5108385478118185 0.26935026695985903
1 0.1975123668972675 0.384945462791357 0.3666885720123153 0.19558040634542023
1 0.23449824072842196 0.16362602349846295 0.3368465359079618 0.167981196001134
1 0.26470389119596016 0.2537252338427492 0.43707379488495224 0.21053577295030879
1 0.18634514626412574 0.8821106394703794 0.3636544756031114 0.2110962789407586
2 0.0855567466803503 0.2060714399258662 0.06278180113146814 0.05062004809323426
0 0.09531302088084712 0.13767610399101676 0.05178975897699045 0.04086310217691826
0 0.035593628997515905 0.3449231196001134 0.026762487899751598 0.03530258293962456
3 0.3234749031980127 0.2862401226801563 0.05183521077238851 0.04867560217691826
3 0.2891918485505031 0.5693601575265467 0.0597204336450254 0.06144842068857237
3 0.24540951141287737 0.4280159057124481 0.04085225897699045 0.040481156260602266
0 0.011058279072270652 0.6924330366604888 0.014280668617910825 0.03799107332097762
0 0.024111749214433088 0.5194866099814666 0.04244203005422929 0.045223219962933214
1 0.13545429107432322 0.7272396009957919 0.2635272105759968 0.18572920199158371
3 0.2815686834486337 0.19885668456838862 0.0298602168225127 0.030724210344286275