1 0.5693529462362532 0.3291485051999243 0.14569533684303818 0.3419086182719372
0 0.5419824460398616 0.19798703640758877 0.03154998184962743 0.05320024310259504
3 0.9280507144848217 0.46438880087976725 0.050290891490547905 0.05262038896415202
0 0.5654835785534187 0.18827784373453507 0.03309430113146803 0.050157130257724794
3 0.2718234403825207 0.4260899457252714 0.03144998789975162 0.03601274310259513
2 0.2667915484991895 0.21638739710475244 0.03466589149054773 0.05180151741285455
0 0.03526883772680097 0.2511430981455492 0.039407933645025484 0.06142217887824373
3 0.5565393288480064 0.3823996579588863 0.03301248789975162 0.03609463025772479
0 0.6647386899897373 0.18722767808527427 0.03466589149054773 0.05180151741285455
3 0.6815802354638647 0.3819193803692664 0.029887487899751618 0.03593085594746528
3 0.43905184699837896 0.427820621324155 0.039298849336070064 0.042672178878243726
1 0.45121602459328025 0.3518722749876281 0.15556121623333752 0.42677494120271575
1 0.9253438710024842 0.39235002656950774 0.14873047501393621 0.5951155054270669
1 0.6827296450065893 0.31867907394683137 0.12375670432948098 0.3298246981001206
1 0.29564728064340445 0.3609120030522177 0.1489566922292324 0.3655098925821966
0 0.4287920996306577 0.17642521766068175 0.040988614363184794 0.06462906603337357
1 0.064225605582586 0.3955858169378847 0.128451211165172 0.3661716338757694