1 0.9578125 0.5527777777777778 0.028125 0.027777777777777776
1 0.1265625 0.8111111111111111 0.0671875 0.08333333333333333
3 0.5625 0.30833333333333335 0.0359375 0.06388888888888888
1 0.525 0.5361111111111111 0.0328125 0.027777777777777776
2 0.3484375 0.5166666666666667 0.1796875 0.6277777777777778
2 0.7578125 0.48333333333333334 0.0796875 0.33055555555555555
2 0.565625 0.4888888888888889 0.121875 0.42777777777777776
2 0.965625 0.49722222222222223 0.06875 0.37222222222222223
0 0.3390625 0.2611111111111111 0.0609375 0.10555555555555556
3 0.753125 0.35 0.0296875 0.05277777777777778
0 0.9828125 0.3416666666666667 0.0328125 0.05277777777777778
1 0.7375 0.5444444444444444 0.021875 0.025
2 0.2125 0.5722222222222222 0.2640625 0.8388888888888889
0 0.2265625 0.23055555555555557 0.08125 0.1527777777777778