1 0.215625 0.5 0.0328125 0.03888888888888889
0 0.346875 0.28055555555555556 0.03125 0.07222222222222222
0 0.01875 0.21944444444444444 0.0296875 0.05
3 0.203125 0.2361111111111111 0.034375 0.06666666666666667
0 0.234375 0.2361111111111111 0.0328125 0.06666666666666667
3 0.5390625 0.2916666666666667 0.0234375 0.04722222222222222
2 0.5390625 0.43333333333333335 0.071875 0.3388888888888889
1 0.3296875 0.46944444444444444 0.025 0.027777777777777776
2 0.034375 0.35555555555555557 0.0671875 0.3194444444444444
2 0.221875 0.4166666666666667 0.11875 0.4388888888888889
2 0.346875 0.4111111111111111 0.0828125 0.3416666666666667