1 0.1703125 0.28125 0.0984375 0.38046875
1 0.55078125 0.25625 0.0625 0.23984375
1 0.70546875 0.27578125 0.06015625 0.32109375
0 0.184375 0.1234375 0.03203125 0.0640625
3 0.696875 0.3734375 0.025 0.0296875
3 0.6234375 0.36484375 0.03203125 0.03671875
3 0.73359375 0.3515625 0.02890625 0.0359375
1 0.27890625 0.34296875 0.16640625 0.66328125
1 0.628125 0.2984375 0.10625 0.40625
1 0.46796875 0.25859375 0.0609375 0.23046875
0 0.27734375 0.06796875 0.06015625 0.115625
1 0.74765625 0.2875 0.071875 0.35625
0 0.74453125 0.146875 0.02890625 0.05390625
0 0.471875 0.16640625 0.0203125 0.03984375
0 0.7125 0.14296875 0.03203125 0.05625
0 0.62890625 0.13203125 0.03515625 0.05625
0 0.55078125 0.1578125 0.02265625 0.0453125
3 0.240625 0.4875 0.0515625 0.05859375