0 0.25103468494366993 0.37327907152274326 0.08279577962517112 0.05501611474138901
1 0.591830551861509 0.7783549633339588 0.782149888096726 0.37109059004319517
1 0.521734663698276 0.6618019365484727 0.5694560083132701 0.2521548328250006
1 0.5882388874383172 0.8903003045209029 0.753421831353666 0.2193993909581941
0 0.2814145744270511 0.9638105397032639 0.12727320533113406 0.07237892059347217
3 0.7522559233316944 0.9071735604079173 0.06896060015828454 0.06250130642076393
0 0.2947987759972615 0.8574371723964239 0.14817673871722886 0.10181968597979178
0 0.29842754433966157 0.7058564886008336 0.09248902837152997 0.06617182028847228
1 0.4357877696625483 0.3377085134864587 0.49260400329870535 0.29408645326597255
3 0.7382365389293852 0.8247604507005214 0.0836141335443795 0.08314111474138892
3 0.6033112726320492 0.6793362350854519 0.056142351411925875 0.0512728656913195
0 0.28636649887937277 0.9322917020317016 0.11565374373179385 0.05734233415618064