3 0.36640625 0.615625 0.02578125 0.02890625
1 0.8453125 0.61875 0.2484375 0.74296875
1 0.3609375 0.559375 0.08046875 0.35703125
1 0.07578125 0.55859375 0.09453125 0.41171875
0 0.8421875 0.32109375 0.071875 0.13671875
1 0.5109375 0.56875 0.09453125 0.37421875
0 0.0703125 0.38671875 0.03515625 0.06484375
3 0.7890625 0.86875 0.06328125 0.06328125
3 0.49296875 0.625 0.02421875 0.03046875
3 0.059375 0.62109375 0.028125 0.02890625
3 0.740625 0.671875 0.02265625 0.03046875
0 0.3703125 0.41171875 0.0296875 0.05390625
1 0.03125 0.61875 0.0625 0.759375
2 0.509375 0.4109375 0.02734375 0.04921875