1 0.3375 0.58359375 0.190625 0.72578125
1 0.553125 0.40703125 0.0828125 0.3390625
0 0.32890625 0.2796875 0.059375 0.11328125
3 0.534375 0.4828125 0.0265625 0.03203125
0 0.553125 0.26953125 0.03203125 0.05390625
0 0.021875 0.2640625 0.03671875 0.07890625
1 0.04921875 0.46640625 0.0984375 0.4953125
0 0.4734375 0.284375 0.01640625 0.03203125
1 0.47578125 0.3546875 0.05546875 0.17578125
3 0.28359375 0.70390625 0.06328125 0.0640625
0 0.05703125 0.26171875 0.04140625 0.0796875
2 0.4875 0.284375 0.0140625 0.03359375