0 0.07287962655125743 0.6345912459159374 0.08279577962517118 0.05501611474138883
0 0.06104721628470074 0.6387702528497916 0.06069345909205777 0.04669446846486132
2 0.09266092913768219 0.6255429010261805 0.07962531551854848 0.05338087955902786
1 0.2157514366595296 0.688258493731736 0.3229326978092867 0.15116898860083355
3 0.3346354804704657 0.6003928581887845 0.04497753087881238 0.04320579255305575
0 0.0933308673800574 0.7098451658438194 0.06207410266556703 0.04048083605604162
3 0.13107753760923696 0.3248519167937499 0.022511497492717504 0.022384146276527784
0 0.016919412378127757 0.3525067509499305 0.03383882475625551 0.025800087005972295
1 0.10878748937730302 0.33093891584381935 0.21757497875460605 0.10832556553881964
1 0.14432638070789255 0.5134780056995832 0.2740860208496826 0.13597909327423635
2 0.044402937055240996 0.5400060977395486 0.05407974623907631 0.03404899810013902
1 0.3296163937065233 0.9338775054152428 0.44555184389007846 0.1259170283040973
1 0.2615162292168245 0.5911646349742705 0.4956093313536661 0.23638305603951437