2 0.6109375 0.4861111111111111 0.121875 0.4777777777777778
2 0.909375 0.48055555555555557 0.0921875 0.3416666666666667
2 0.703125 0.46111111111111114 0.075 0.2916666666666667
0 0.709375 0.3388888888888889 0.025 0.041666666666666664
0 0.7875 0.325 0.0328125 0.05555555555555555
0 0.9109375 0.33611111111111114 0.028125 0.05
0 0.6171875 0.2861111111111111 0.040625 0.075
1 0.9078125 0.5333333333333333 0.025 0.025
1 0.771875 0.5972222222222222 0.028125 0.03611111111111111
1 0.5890625 0.5805555555555556 0.0359375 0.03888888888888889
2 0.78125 0.4777777777777778 0.090625 0.3638888888888889