3 0.4893875134608491 0.7198058922444339 0.05623327962517131 0.055353344866803766
0 0.8397094253767584 0.5603911525873763 0.06202863855894449 0.039983012851581276
0 0.8431644166677769 0.9511925661235295 0.12264788981258548 0.03152852570316256
2 0.8520432554767833 0.32423081810069593 0.09051735141192588 0.05362901878308026
1 0.5988500593168493 0.3368886214841873 0.6110237311953816 0.18876529452342386
1 0.5880235902621687 0.7626062044879929 0.692910228688099 0.21395097832553223
1 0.6692378010035791 0.5727996051725649 0.41251202335696496 0.12449325300293061
2 0.8136520083797774 0.19548107699794448 0.06336381802583091 0.03223417984777566
3 0.5962094779631832 0.5617294539937013 0.03523881802583091 0.031088173916276673
1 0.6472912224863998 0.20069911209264718 0.4051087003165691 0.13823741802195863
0 0.8777847722363378 0.7804516431958362 0.10655152837152997 0.06832818874502422
1 0.5840311090667872 0.9266368709898958 0.6606312746106061 0.12367880539783868
3 0.47521398251552976 0.29510698117973866 0.05292642319868044 0.04897601087441492