1 0.1015625 0.8277777777777777 0.075 0.06944444444444445
1 0.3953125 0.625 0.0234375 0.030555555555555555
1 0.465625 0.6222222222222222 0.03125 0.03611111111111111
0 0.540625 0.37777777777777777 0.021875 0.03888888888888889
2 0.546875 0.49722222222222223 0.0609375 0.2722222222222222
2 0.0296875 0.5527777777777778 0.059375 0.33055555555555555
0 0.025 0.41944444444444445 0.028125 0.05555555555555555
0 0.1546875 0.2833333333333333 0.0765625 0.125
0 0.40625 0.38333333333333336 0.025 0.044444444444444446
0 0.7640625 0.37777777777777777 0.034375 0.05555555555555555
0 0.48125 0.36944444444444446 0.034375 0.06111111111111111
2 0.40625 0.5166666666666667 0.075 0.3194444444444444
2 0.4875 0.55 0.103125 0.42777777777777776
2 0.7734375 0.5277777777777778 0.1015625 0.36666666666666664
2 0.1578125 0.6027777777777777 0.278125 0.7777777777777778
1 0.7609375 0.5833333333333334 0.0265625 0.030555555555555555