1 0.9211547781093217 0.6232466382529203 0.15394521584055382 0.6842370316346615
3 0.7657632961614984 0.6163002543742622 0.03932612041330898 0.046904174904859805
0 0.46225806372269584 0.2912471521302657 0.04892837939029935 0.08634867688202608
3 0.9266371636479412 0.6206800537662399 0.031468168617910665 0.038773339923887915
0 0.924871172330344 0.38721363775862866 0.03154089149054755 0.05127333992388783
0 0.819688768641352 0.34229241000175004 0.0535704275949012 0.0787271778706093
1 0.7880382719610017 0.5466589164275406 0.18884641490547766 0.5075763725471326
3 0.945881546456086 0.8034461328157129 0.020676114363184794 0.06332767095052709
1 0.9365075882177802 0.5351418017890734 0.12253054761542685 0.3861523587069682
0 0.6859859343323965 0.3664859381763706 0.025245439695149585 0.04320617193911023
1 0.6698246031466991 0.45931010813831447 0.09198855386194271 0.23806768577927465
1 0.579199603146699 0.4630027939175892 0.1221033007386847 0.3127148587069682
0 0.60801547043675 0.3431067879860901 0.033157933645025395 0.060712006920082204
0 0.9663137837666624 0.3792764623594772 0.03940793364502539 0.06096667490485981