0 0.540625 0.15833333333333333 0.0328125 0.06111111111111111
2 0.540625 0.31666666666666665 0.08125 0.38055555555555554
1 0.2140625 0.4388888888888889 0.04375 0.05
3 0.4953125 0.1638888888888889 0.025 0.05
1 0.5375 0.37777777777777777 0.0265625 0.030555555555555555
0 0.340625 0.19444444444444445 0.025 0.04722222222222222
1 0.48125 0.34444444444444444 0.0234375 0.025
2 0.253125 0.35833333333333334 0.1515625 0.55
0 0.2484375 0.125 0.0484375 0.08055555555555556
2 0.484375 0.3 0.065625 0.325
2 0.3421875 0.3 0.071875 0.26666666666666666