1 0.5475724587841764 0.8700469063770067 0.7406271893698164 0.2599061872459867
3 0.33851015869668044 0.23869948835289664 0.03944430800445442 0.034859678878243816
1 0.39078392007476925 0.570925490161919 0.4272181226925443 0.21289830619529243
1 0.3350049927195885 0.40716288330994255 0.38473972135581713 0.1856873530067892
3 0.461886760741542 0.5754326057203226 0.03949885200509069 0.03954717887824373
3 0.7171678907940396 0.9691068229865494 0.07425566000954512 0.06178635402690134
0 0.21922709341181457 0.5892616530976462 0.07085794000636332 0.05055992198083885
3 0.3934351107176795 0.3961711516273082 0.03473862667090888 0.03305151741285446
0 0.15323573002863505 0.21883961047002107 0.05512385200509069 0.04036605042954129
1 0.28738346335931697 0.2063506558111797 0.33948176535645347 0.18800012550802644
0 0.2636343581317212 0.9754713907731745 0.11162839067472685 0.049057218453651075
2 0.24056629141467809 0.6114608796918979 0.06299089600572697 0.04546298620519007
0 0.278059937460176 0.9483777035271874 0.124419292011454 0.0908440852552502
0 0.20802486939049736 0.4317390801668678 0.05824885200509069 0.0405298247398008
0 0.17673850672340646 0.4269763370642726 0.052017033338636096 0.041764776119281775
0 0.16581699868713543 0.15937940128862396 0.04881930800445433 0.035351001809022266