0 0.578125 0.23055555555555557 0.01875 0.03888888888888889
2 0.1921875 0.4722222222222222 0.21875 0.8305555555555556
0 0.5171875 0.20555555555555555 0.025 0.05
2 0.51875 0.325 0.065625 0.28888888888888886
1 0.1359375 0.5916666666666667 0.071875 0.07777777777777778
0 0.34375 0.21388888888888888 0.03125 0.06111111111111111
0 0.1875 0.12777777777777777 0.065625 0.12777777777777777
2 0.3921875 0.39166666666666666 0.1671875 0.625
1 0.3578125 0.5277777777777778 0.0453125 0.05277777777777778
0 0.3984375 0.1361111111111111 0.0546875 0.10277777777777777
2 0.578125 0.32222222222222224 0.0546875 0.225