0 0.828125 0.30546875 0.02109375 0.03828125
1 0.43515625 0.425 0.096875 0.3765625
1 0.1609375 0.40859375 0.07890625 0.28359375
1 0.8296875 0.4078125 0.06484375 0.24765625
1 0.6328125 0.409375 0.06015625 0.253125
0 0.4328125 0.26796875 0.03359375 0.0609375
3 0.41328125 0.4671875 0.0296875 0.0328125
0 0.63515625 0.303125 0.021875 0.03671875
0 0.17265625 0.29296875 0.0234375 0.0484375
3 0.62890625 0.459375 0.0203125 0.025
3 0.8171875 0.4390625 0.01796875 0.01875
1 0.2625 0.40078125 0.08203125 0.20703125
0 0.265625 0.31796875 0.01875 0.03828125