0 0.2890625 0.17222222222222222 0.053125 0.09166666666666666
2 0.378125 0.375 0.1 0.4583333333333333
0 0.3578125 0.18055555555555555 0.0375 0.06944444444444445
1 0.1015625 0.575 0.059375 0.06666666666666667
3 0.9484375 0.21666666666666667 0.028125 0.06666666666666667
1 0.265625 0.5083333333333333 0.046875 0.05277777777777778
3 0.534375 0.2 0.034375 0.05555555555555555
1 0.521875 0.4583333333333333 0.03125 0.03888888888888889
0 0.9125 0.19444444444444445 0.0375 0.06666666666666667
2 0.5359375 0.36944444444444446 0.1 0.39444444444444443
2 0.153125 0.45555555555555555 0.1765625 0.7666666666666667
2 0.3 0.41944444444444445 0.140625 0.5833333333333334
2 0.9015625 0.3638888888888889 0.196875 0.4083333333333333
0 0.1375 0.13055555555555556 0.0640625 0.11666666666666667