0 0.3011966839592746 0.2929083197197914 0.05038180800445433 0.03397626291777787
3 0.48341084197963724 0.1387078629384371 0.023710220003181702 0.023983013867708357
1 0.5145553712205961 0.8182674231589232 0.9086328493793616 0.3601193352935425
1 0.4268052112905929 0.3048244786297566 0.312082924013363 0.10567465064493078
1 0.3825957518698696 0.9494291170224998 0.36033861067790857 0.0911770459715278
0 0.13856503588482347 0.8449825788378471 0.1463670173456358 0.09400718597979178
3 0.5320092372692756 0.4593645486338884 0.04578521467218159 0.041679660144236054
3 0.6869747165420511 0.9017306205378812 0.07581816000954511 0.07205814437666688
0 0.17581104455764138 0.798815440445104 0.11629770934118148 0.060503701747361305
0 0.25661888594050275 0.43218967847725676 0.08339430267345423 0.0519274823325695
3 0.4846540739576838 0.30035387775607597 0.026835220003181705 0.02405574905006951
0 0.24214347453855134 0.9378584502287499 0.07074885200509069 0.039136541603124894
1 0.3931536332352318 0.7133097790665969 0.33880905601527206 0.12035539969500028
0 0.3400608313176371 0.10767868132704832 0.04251476400381797 0.029106924961875037
1 0.4499989053150918 0.12386476614881907 0.2714033800127266 0.10004159327423637
0 0.2589331745703681 0.7031561419081248 0.05185340133672707 0.026200130508958353
0 0.25794283923459543 0.721143075703715 0.05503294533736343 0.030960365691319502
1 0.46185127860441194 0.4477198402370135 0.514463584022908 0.18067856990722272