2 0.1046875 0.38055555555555554 0.078125 0.3472222222222222
2 0.603125 0.45555555555555555 0.1 0.3861111111111111
1 0.165625 0.475 0.028125 0.030555555555555555
0 0.59375 0.2916666666666667 0.034375 0.05555555555555555
2 0.190625 0.40555555555555556 0.1109375 0.4111111111111111
0 0.1890625 0.24166666666666667 0.0390625 0.06944444444444445
1 0.44375 0.5166666666666667 0.0296875 0.03888888888888889
2 0.4546875 0.4444444444444444 0.0953125 0.39166666666666666
1 0.5875 0.5277777777777778 0.028125 0.03333333333333333
0 0.4609375 0.28055555555555556 0.0359375 0.06111111111111111
1 0.08125 0.4305555555555556 0.025 0.027777777777777776
1 0.3140625 0.4638888888888889 0.0234375 0.030555555555555555
0 0.3375 0.25833333333333336 0.0265625 0.05
0 0.1125 0.2361111111111111 0.0328125 0.05555555555555555
2 0.3359375 0.3972222222222222 0.084375 0.33055555555555555