1 0.7640625 0.146875 0.05546875 0.2296875
1 0.2671875 0.29375 0.11796875 0.53984375
1 0.66328125 0.2359375 0.09453125 0.38984375
0 0.2796875 0.071875 0.0484375 0.090625
1 0.6125 0.19375 0.05390625 0.30390625
0 0.4546875 0.07890625 0.05234375 0.09296875
0 0.65859375 0.071875 0.03515625 0.059375
3 0.3625 0.6109375 0.0703125 0.08125
3 0.23984375 0.36171875 0.0421875 0.046875
0 0.62109375 0.06796875 0.025 0.04609375
3 0.759375 0.19140625 0.01640625 0.01953125
0 0.7625 0.053125 0.01953125 0.03515625
2 0.38671875 0.071875 0.07265625 0.14140625
3 0.64375 0.29609375 0.03046875 0.03203125
0 0.7625 0.053125 0.01953125 0.03515625
3 0.60390625 0.2515625 0.02265625 0.028125
1 0.4109375 0.44921875 0.25078125 0.88515625