0 0.828125 0.36944444444444446 0.028125 0.05277777777777778
2 0.159375 0.5277777777777778 0.228125 0.6833333333333333
2 0.64375 0.5666666666666667 0.16875 0.6305555555555555
2 0.8234375 0.49444444444444446 0.071875 0.30277777777777776
0 0.640625 0.30277777777777776 0.05625 0.10555555555555556
1 0.828125 0.5694444444444444 0.0234375 0.030555555555555555
1 0.61875 0.6694444444444444 0.0515625 0.05277777777777778
3 0.1578125 0.31666666666666665 0.0515625 0.1111111111111111
3 0.10625 0.275 0.05 0.09444444444444444
0 0.1625 0.23333333333333334 0.0671875 0.1
1 0.090625 0.6888888888888889 0.053125 0.06388888888888888