0 0.6814804292497787 0.31796875 0.0322356473268119 0.04375
3 0.6352516294050705 0.48125 0.02507559471009326 0.028125
2 0.5571167370575819 0.2265625 0.06924979991529537 0.0890625
3 0.4468423058122518 0.57734375 0.05970819994353036 0.059375
1 0.6508458083019134 0.428125 0.1317329313159174 0.2765625
0 0.857937242460428 0.3734375 0.03223564732681154 0.04375
0 0.2226353212443315 0.2015625 0.04242969468185844 0.0578125
3 0.8087045399566491 0.5078125 0.023149073663405774 0.021875
1 0.4780838715125627 0.48359375 0.35651718359381734 0.6484375
1 0.18157913978723986 0.3296875 0.19327664704446307 0.340625
1 0.8298738846667424 0.4796875 0.142215405007558 0.26875