1 0.6425893369953194 0.43070837470238377 0.20682559193823521 0.4414386569013445
3 0.49551665471326684 0.7471420537735589 0.08169035178688588 0.08977320533113406
1 0.79609375 0.488788962324256 0.4078125 0.9431161318285197
1 0.3877784560824108 0.5842589912245113 0.4559368429639994 0.8314820175509773
0 0.7520519313306504 0.0913312891255756 0.13847886266130088 0.1429269490629279
1 0.11333421300249305 0.6174124720241815 0.1787695761209044 0.3657112311953815
0 0.3048453033834914 0.2616949840983754 0.10442219764227278 0.14973923871722888
3 0.9867319733454354 0.6221423345858643 0.026536053309129316 0.11390938730530316
0 0.5298280573378241 0.2869690833987301 0.0647575197716634 0.09552310015828454
1 0.5922829308735399 0.4791853271305239 0.25006093878220526 0.506683223673534
0 0.06616609984690063 0.47480142319868046 0.04467051285158127 0.06216503087881246
0 0.5664685528891998 0.2669664719576745 0.05493685079830275 0.08431281551854841
3 0.13791506034075468 0.684455219516899 0.04253500988583174 0.04805706677218957