0 0.33359375 0.31328125 0.03359375 0.059375
1 0.2671875 0.5015625 0.0828125 0.278125
3 0.65859375 0.56953125 0.025 0.0265625
2 0.66796875 0.36796875 0.02421875 0.0546875
0 0.68203125 0.3515625 0.03203125 0.06015625
0 0.28125 0.39140625 0.02421875 0.0484375
0 0.36640625 0.33203125 0.03515625 0.06640625
0 0.75859375 0.36484375 0.03671875 0.05703125
3 0.75546875 0.571875 0.02734375 0.03125
1 0.365625 0.49765625 0.1203125 0.43046875
1 0.6734375 0.49140625 0.09453125 0.340625
1 0.759375 0.51796875 0.08671875 0.36640625
3 0.33671875 0.5734375 0.03359375 0.0296875