0 0.515625 0.17777777777777778 0.03125 0.058333333333333334
3 0.321875 0.14444444444444443 0.06875 0.125
0 0.484375 0.19722222222222222 0.0390625 0.08055555555555556
1 0.4625 0.42777777777777776 0.03125 0.03333333333333333
1 0.2609375 0.6 0.075 0.07222222222222222
0 0.6296875 0.18333333333333332 0.0390625 0.075
2 0.6296875 0.3638888888888889 0.1 0.4361111111111111
2 0.4984375 0.35555555555555557 0.125 0.4111111111111111
0 0.7234375 0.19444444444444445 0.034375 0.06111111111111111
2 0.721875 0.34444444444444444 0.0828125 0.36666666666666664
2 0.3171875 0.5138888888888888 0.2328125 0.8666666666666667
1 0.6125 0.44166666666666665 0.0328125 0.03888888888888889
1 0.7125 0.4 0.028125 0.030555555555555555