2 0.5328125 0.5777777777777777 0.0984375 0.39166666666666666
0 0.15 0.36666666666666664 0.0484375 0.07777777777777778
0 0.3625 0.4222222222222222 0.0296875 0.05
1 0.4234375 0.5833333333333334 0.0203125 0.027777777777777776
1 0.1234375 0.7111111111111111 0.0421875 0.05
1 0.525 0.6277777777777778 0.0296875 0.03611111111111111
1 0.346875 0.6444444444444445 0.028125 0.03333333333333333
0 0.4265625 0.4111111111111111 0.025 0.041666666666666664
3 0.5296875 0.4166666666666667 0.03125 0.05555555555555555
2 0.428125 0.5305555555555556 0.065625 0.2861111111111111
2 0.359375 0.5694444444444444 0.0859375 0.3527777777777778
2 0.146875 0.5972222222222222 0.1375 0.5638888888888889