0 0.899506491068251 0.45369004921232375 0.044868215096963836 0.0645715773392725
1 0.8627177828711459 0.3158087885503235 0.18919450811437954 0.367752216024817
1 0.6162655227248761 0.3429001892505038 0.2122422702892443 0.4351942546944533
1 0.47689510551659176 0.41641150926959386 0.19549905519228017 0.37094994135899884
1 0.1798388733734993 0.45425005331000107 0.3573322223972693 0.7821248933799978
1 0.7150848522701809 0.3636297652371408 0.13281604869945837 0.2702408693507265
0 0.21446288392351082 0.7367171079726376 0.11843417451188501 0.16228291868236297
3 0.1251069143656153 0.1837381059834553 0.08113299756436801 0.08373974801081766
0 0.6528729987788887 0.5151655405792768 0.05278980925276535 0.07091248400699968
3 0.6027291282447632 0.2836706399188674 0.044595479707460584 0.048946577339272504
2 0.5200156343305479 0.5589075445974123 0.03522047970746058 0.048837489337999786
0 0.8698326278377262 0.45481674454968724 0.04333298863591395 0.06611589600572713
0 0.7426525190714282 0.4656735232336409 0.033685253246410876 0.05038180800445424
3 0.46348144196175534 0.3642132099379574 0.03182274431795697 0.03317612667090888