1 0.1390625 0.6194444444444445 0.0546875 0.06388888888888888
0 0.7 0.18888888888888888 0.0359375 0.06388888888888888
2 0.6984375 0.3472222222222222 0.084375 0.3861111111111111
2 0.490625 0.4583333333333333 0.1765625 0.6805555555555556
2 0.2046875 0.42777777777777776 0.2125 0.6583333333333333
1 0.6859375 0.41944444444444445 0.0296875 0.03333333333333333
1 0.45 0.5333333333333333 0.0578125 0.058333333333333334
0 0.575 0.20277777777777778 0.028125 0.06388888888888888
0 0.6 0.18888888888888888 0.0265625 0.05277777777777778
3 0.490625 0.16944444444444445 0.053125 0.1
0 0.1890625 0.15555555555555556 0.065625 0.10833333333333334
2 0.590625 0.3416666666666667 0.0953125 0.35555555555555557