0 0.69197727048199 0.5923547492441404 0.05981461575678075 0.03504770934118149
0 0.7887656393637168 0.10652524256050488 0.18029371572854574 0.06611699069063529
2 0.8203649788827254 0.0584690032225051 0.19452281570031077 0.09594994135899881
1 0.578280249576477 0.4388853985916853 0.33404034200867017 0.10538058004454345
1 0.5410400418816133 0.22902004992841238 0.537301120877278 0.19050210940481493
1 0.5592179783886152 0.5813910719287305 0.33100634727034206 0.10690671737745241
3 0.5219924522214303 0.42546833593254857 0.036013094710093264 0.028524989337999785
0 0.7331743339749881 0.23929283656909545 0.09978716837349921 0.05112724267981754
3 0.1621282736775233 0.006431265993000322 0.11800654735504663 0.012862531986000644
2 0.7135197995623596 0.452165553906777 0.05034861049510884 0.03337612133990877
0 0.7143010495623596 0.4521564632400043 0.05034861049510884 0.03337612133990877
3 0.49621744944942014 0.5735245752705483 0.03601309471009344 0.028524989337999785
1 0.4841159367187634 0.12946932399745464 0.8932318734375269 0.2589386479949093
3 0.3650543945548015 0.18728817795195676 0.05071263154179615 0.03962612133990877