0 0.703125 0.2111111111111111 0.034375 0.05
1 0.7703125 0.4083333333333333 0.0296875 0.03333333333333333
1 0.6984375 0.4444444444444444 0.025 0.03333333333333333
2 0.70625 0.3472222222222222 0.0859375 0.325
2 0.4078125 0.3333333333333333 0.08125 0.33611111111111114
2 0.078125 0.35555555555555557 0.1234375 0.4166666666666667
2 0.5078125 0.3277777777777778 0.0734375 0.2777777777777778
2 0.778125 0.36666666666666664 0.0765625 0.35833333333333334
3 0.78125 0.21666666666666667 0.0265625 0.05277777777777778
0 0.4078125 0.19722222222222222 0.028125 0.06111111111111111
0 0.509375 0.21388888888888888 0.0234375 0.044444444444444446
3 0.090625 0.18055555555555555 0.03125 0.06388888888888888