1 0.846914343973317 0.39609375 0.09217036104353511 0.265625
1 0.4426621394474443 0.58984375 0.2874667638487642 0.8
1 0.17907688329912425 0.5078125 0.20319980639602542 0.55
3 0.40509344087350013 0.7359375 0.06605224687674212 0.0734375
0 0.15772509982704938 0.28359375 0.05361587939029935 0.084375
0 0.4101870244950844 0.26328125 0.07571813836728976 0.1234375
3 0.1470496575978169 0.64140625 0.05030907220870699 0.053125
0 0.03007682279788219 0.3359375 0.03632838544042356 0.0671875
1 0.248213223560008 0.44140625 0.10517033079291398 0.3515625
1 0.04835062070789651 0.47265625 0.09670124141579302 0.3484375
0 0.4539097534178456 0.26796875 0.03789997579950324 0.06875
0 0.24437567213395228 0.2953125 0.03313066256778665 0.0546875
0 0.8366086239293503 0.2875 0.026817030054229463 0.04375
3 0.8365762867917246 0.42734375 0.020439765027114733 0.021875
0 0.22161942818407648 0.3125 0.03313066256778665 0.0546875
0 0.47266884377692514 0.26640625 0.026935204722264315 0.0640625