1 0.5375 0.43333333333333335 0.03125 0.03888888888888889
0 0.134375 0.25555555555555554 0.028125 0.06666666666666667
3 0.2625 0.28888888888888886 0.0234375 0.041666666666666664
3 0.2578125 0.2388888888888889 0.0234375 0.05
0 0.44375 0.2388888888888889 0.0203125 0.044444444444444446
0 0.55 0.19444444444444445 0.0359375 0.05
0 0.759375 0.17222222222222222 0.05625 0.11388888888888889
2 0.128125 0.3888888888888889 0.0890625 0.33611111111111114
2 0.4421875 0.3333333333333333 0.0640625 0.23333333333333334
2 0.2640625 0.35833333333333334 0.08125 0.2916666666666667
2 0.75625 0.4361111111111111 0.1953125 0.6527777777777778
2 0.55 0.37777777777777777 0.115625 0.41944444444444445
3 0.55 0.23333333333333334 0.034375 0.05