1 0.7632532680486801 0.5407837051245052 0.2535705560395144 0.5003425641014079
0 0.6667283326375693 0.2860169683590716 0.08103440729444458 0.12863873035529289
1 0.26078223147954815 0.5228554189399721 0.44474890843180626 0.9353469185256873
3 0.891358777832326 0.6147927475142915 0.027289851823611145 0.032487168320799495
3 0.6947747185617704 0.5931231470189534 0.04327852773541672 0.04883991439185813
3 0.15354769367614524 0.6946147948709855 0.08186955547083344 0.09746150496239867
3 0.542012088052812 0.6376265101296852 0.05763196846486114 0.06199488585581072
2 0.8259020044653124 0.3692940028909749 0.040553571238402954 0.06588186517764641
2 0.9394365211828122 0.43089293651325544 0.03884560087368065 0.05955909057054054
0 0.7912185331506596 0.3473440742310931 0.0613024823325695 0.08557793507002262
1 0.916105511114826 0.5596343666208793 0.145137194147917 0.3345291654253154
1 0.6096561425737148 0.5203341563245784 0.2832970364722229 0.6375172324222076
0 0.33164677745107624 0.16639140322420642 0.10356402393569457 0.1577825748547749