3 0.15859375 0.7328125 0.05703125 0.065625
1 0.07421875 0.50625 0.14140625 0.58046875
1 0.21171875 0.51796875 0.18203125 0.6890625
0 0.43203125 0.25234375 0.0359375 0.06953125
0 0.07734375 0.2671875 0.05078125 0.0953125
1 0.5125 0.40703125 0.0859375 0.3390625
1 0.446875 0.44140625 0.1328125 0.45390625
3 0.42734375 0.51875 0.034375 0.04296875
3 0.0359375 0.58671875 0.05078125 0.04609375
0 0.35078125 0.29296875 0.0203125 0.04375
2 0.2234375 0.30234375 0.0453125 0.0765625
1 0.34921875 0.4 0.0640625 0.25703125
0 0.50390625 0.26640625 0.02890625 0.05
0 0.196875 0.22421875 0.053125 0.10546875