3 0.36785265885535345 0.5214328413828613 0.03457498789975162 0.03477498933799979
1 0.2626162338927308 0.6944152607017712 0.2960488190854491 0.1299987720400889
3 0.7222613402608837 0.0748060260979955 0.09262383723582168 0.07607269867918123
3 0.3165361194313503 0.697386266709089 0.031404536104353474 0.02692612667090888
0 0.1528725534691592 0.49549540802036274 0.05646816861791084 0.03815452800763595
3 0.3950777133064713 0.3670726053866794 0.032976126463433085 0.02850680800445442
0 0.1398463544042356 0.6734567760184537 0.04706589754067201 0.033357940006363405
0 0.1627636204133089 0.04720335868872626 0.16302724082661785 0.09251585868872626
2 0.20354419827935666 0.34297039202736235 0.04863748789975162 0.03493862133990877
1 0.3318555506404889 0.37649251137808887 0.32584540339440443 0.1490942173774526
1 0.5243283551898025 0.159215746737724 0.911156710379605 0.3168315361234489
2 0.18288782727687256 0.6864567626909535 0.05488748789975158 0.03501134667409058
1 0.30068333957351273 0.5237760440404072 0.3696499455488822 0.1589782947167251