1 0.74765625 0.1640625 0.05703125 0.24296875
1 0.15234375 0.440625 0.26484375 0.809375
1 0.559375 0.2046875 0.07578125 0.32578125
1 0.8046875 0.15078125 0.0484375 0.209375
3 0.07109375 0.58203125 0.07109375 0.08046875
0 0.5546875 0.06640625 0.02578125 0.04609375
3 0.54609375 0.246875 0.025 0.028125
2 0.146875 0.1234375 0.07109375 0.13125
3 0.7390625 0.21640625 0.01796875 0.021875
0 0.80625 0.06328125 0.0171875 0.03046875
0 0.74609375 0.065625 0.021875 0.0390625
3 0.79609375 0.18671875 0.015625 0.01953125
0 0.12578125 0.10546875 0.06640625 0.13203125
2 0.503125 0.08671875 0.01796875 0.040625
1 0.5015625 0.16328125 0.04609375 0.19375