0 0.667208013718877 0.5653446476534457 0.059905621018452496 0.0379563569862416
2 0.6530937638600512 0.7139731206116038 0.06780912628012423 0.03979167549789597
3 0.45041389782092195 0.4590847570867581 0.03472361049510884 0.033958337748947895
3 0.3161137635071155 0.35540174029653515 0.06742969468185844 0.060049611795565026
0 0.6609565556710775 0.4049527846767543 0.060178636803468064 0.042643856986241645
1 0.542921374284573 0.6110068664352525 0.3546706314006219 0.19950401451278826
1 0.551455669149958 0.7455901975607786 0.3951136208772782 0.19779767077339053
2 0.7294320818382622 0.2466293639881818 0.1296412683452644 0.08405259618646851
1 0.5529286219360857 0.9077082516444627 0.49109397881213823 0.15904768402023423
0 0.7452526298285935 0.8986531662577673 0.09399219468185845 0.0609771947351895
1 0.5174039767459997 0.4333555815888622 0.37857856826055963 0.18162703375008196
1 0.44903195029646614 0.2954042030030741 0.7386045575960416 0.3392163667745246
0 0.6983453506776368 0.6866640869463397 0.06642863680346807 0.042862111795565025