2 0.48203125 0.40390625 0.02890625 0.059375
0 0.22890625 0.35078125 0.0328125 0.059375
3 0.34140625 0.55390625 0.0234375 0.0265625
3 0.21328125 0.56953125 0.03046875 0.03984375
3 0.07890625 0.59921875 0.0390625 0.04140625
1 0.4703125 0.51796875 0.0671875 0.30390625
0 0.3625 0.37109375 0.0234375 0.04375
2 0.45625 0.41953125 0.02890625 0.06015625
1 0.35390625 0.49375 0.07578125 0.29609375
1 0.0921875 0.50546875 0.121875 0.54140625
1 0.225 0.4984375 0.08828125 0.36875
0 0.08671875 0.28046875 0.04765625 0.0890625