1 0.3839922372693434 0.4516049692583997 0.31921897881213823 0.1439964814568439
0 0.49900258724110846 0.4225765202916719 0.06459312101845249 0.0363011143631848
1 0.32614011735454734 0.673161806690613 0.6522802347090947 0.2975588604543599
1 0.4200174113986246 0.9177147408266177 0.5940215577372159 0.16457051834676442
1 0.34453125 0.1637231741770557 0.6890625 0.3274463483541114
1 0.42148817711305303 0.841017448082965 0.3817945735222317 0.17247600546094902
1 0.4256212112433328 0.7566379029034251 0.35414001038216936 0.15357146935659555
0 0.5723608474115164 0.04865775214129932 0.17402830517696727 0.09160675878059871
3 0.19867927964506685 0.7349982104778009 0.07064569994353027 0.059765885440423536
3 0.013979929038017208 0.23136362948849523 0.027959858076034416 0.08147725897699046
0 0.6502964455994916 0.911121911585828 0.11190773677523325 0.07093973477649343
0 0.5793972005788148 0.6121708062978296 0.10097023677523324 0.07087610226293642
0 0.5587368191076058 0.7253702430661131 0.06799113680346806 0.04100679508134384
0 0.5667320586548492 0.80278671593875 0.06486613680346806 0.040988614363184794