3 0.3947182075438536 0.6776042218618497 0.035247822188333444 0.03870040145127866
0 0.45282622074597184 0.43177585588993334 0.026236498100139016 0.05399801923729371
0 0.20280869016076358 0.390205881665831 0.030996733282500077 0.05728671034428627
0 0.6123642216959023 0.4639311353788461 0.03412173328249999 0.057395837748947895
0 0.5408710814032982 0.4450149550716267 0.030778527735416717 0.04791171034428636
0 0.3669432721327427 0.4264311022617363 0.03412173328250008 0.057395837748947943
1 0.3536594092912148 0.5604514381965857 0.07653266451263914 0.3367758029025577
0 0.42406544111069416 0.42451642739681256 0.04066267401194459 0.07011409255827136
3 0.5309654852792703 0.6354489821134687 0.025654616641249996 0.028998019237293705
3 0.3523683598043051 0.6159201881965857 0.027289851823611145 0.03217758293962447
3 0.5882681857923606 0.6929638709508759 0.02896145459715278 0.03691964664195524
3 0.2031476501731591 0.7115724501774853 0.04157055737069444 0.042043656260602094
1 0.4120706681249301 0.6039311088851582 0.12115679312173651 0.4429365228654909
0 0.031165560078315856 0.32709077885594057 0.06233112015663171 0.10218254809323427
0 0.24014568921083304 0.3649256286706061 0.05043771751493065 0.08762897477225647
1 0.6087092787822564 0.6209623853788461 0.10251458947451422 0.3798363221398514
1 0.057773519567291556 0.6286904843909034 0.11554703913458311 0.7136309687818068
1 0.21902918294256896 0.6003174916472975 0.17864459764263935 0.5651587524470706
1 0.5368894833794092 0.5824876732204614 0.08587129692145865 0.33554068511654267