1 0.49765625 0.61796875 0.20390625 0.68046875
1 0.71640625 0.490625 0.07890625 0.309375
0 0.60390625 0.34921875 0.034375 0.06953125
0 0.54921875 0.3640625 0.04453125 0.07890625
1 0.6640625 0.49296875 0.05 0.33125
0 0.44375 0.34765625 0.0234375 0.06796875
0 0.72265625 0.365625 0.02578125 0.0453125
1 0.61171875 0.51640625 0.07890625 0.4046875
0 0.65859375 0.36640625 0.0328125 0.06015625
2 0.1609375 0.32109375 0.046875 0.09296875
0 0.478125 0.33046875 0.05625 0.10390625
1 0.17421875 0.56875 0.1953125 0.63125
3 0.378125 0.57890625 0.03125 0.03828125
3 0.65703125 0.55859375 0.021875 0.02578125
3 0.7078125 0.55703125 0.0234375 0.0296875
3 0.146875 0.71875 0.0453125 0.0609375
3 0.46484375 0.72421875 0.0515625 0.0640625
0 0.69765625 0.3609375 0.028125 0.0515625
1 0.38671875 0.52109375 0.07890625 0.425
0 0.3921875 0.34296875 0.03828125 0.065625