3 0.68671875 0.446875 0.025 0.0296875
1 0.3765625 0.45078125 0.125 0.434375
1 0.584375 0.43046875 0.10546875 0.39296875
1 0.8296875 0.40859375 0.06015625 0.246875
1 0.7140625 0.40234375 0.09609375 0.29921875
0 0.37890625 0.27265625 0.040625 0.0765625
3 0.58046875 0.49296875 0.02890625 0.03203125
0 0.82890625 0.30703125 0.02265625 0.040625
0 0.71328125 0.27734375 0.02578125 0.04609375
3 0.35390625 0.52265625 0.03359375 0.03359375
3 0.8171875 0.4390625 0.01796875 0.01875
0 0.56875 0.28671875 0.028125 0.05703125
0 0.58203125 0.2578125 0.03125 0.0515625
2 0.3453125 0.28984375 0.034375 0.0671875