0 0.1984375 0.24444444444444444 0.025 0.04722222222222222
3 0.296875 0.2388888888888889 0.021875 0.04722222222222222
3 0.2984375 0.2861111111111111 0.01875 0.03611111111111111
2 0.509375 0.39444444444444443 0.13125 0.4638888888888889
2 0.1921875 0.375 0.090625 0.31666666666666665
2 0.2984375 0.35 0.08125 0.275
1 0.4953125 0.45 0.0359375 0.041666666666666664
0 0.85 0.16666666666666666 0.0515625 0.10833333333333334
2 0.8375 0.425 0.1921875 0.6305555555555555
0 0.5078125 0.19444444444444445 0.040625 0.05555555555555555
3 0.50625 0.23333333333333334 0.0390625 0.058333333333333334