0 0.553125 0.3984375 0.0234375 0.04609375
1 0.1265625 0.5359375 0.12578125 0.5015625
1 0.55546875 0.50625 0.06328125 0.26875
1 0.40078125 0.55546875 0.11015625 0.4640625
0 0.40234375 0.36796875 0.04140625 0.0765625
0 0.36328125 0.36796875 0.03125 0.05625
0 0.421875 0.3484375 0.0234375 0.04375
1 0.35078125 0.53125 0.0625 0.4203125
3 0.35234375 0.60078125 0.01953125 0.03046875
0 0.12265625 0.3359375 0.04453125 0.08046875
3 0.10390625 0.62578125 0.0375 0.04296875
3 0.3859375 0.64921875 0.03515625 0.04296875
3 0.55234375 0.5546875 0.021875 0.028125