1 0.1875 0.5671875 0.2640625 0.846875
1 0.5875 0.43671875 0.08828125 0.38671875
1 0.52421875 0.39765625 0.06796875 0.315625
0 0.1796875 0.22421875 0.08671875 0.15859375
1 0.8296875 0.4109375 0.0640625 0.24375
3 0.1078125 0.78828125 0.0828125 0.08046875
3 0.57890625 0.49453125 0.02890625 0.03125
0 0.5328125 0.265625 0.02734375 0.04765625
3 0.52578125 0.46875 0.02265625 0.02578125
0 0.83671875 0.3109375 0.02265625 0.03828125
3 0.8171875 0.43828125 0.01796875 0.01875
2 0.5828125 0.271875 0.0328125 0.0515625