3 0.409375 0.65859375 0.03203125 0.03515625
0 0.4546875 0.42109375 0.02265625 0.05078125
0 0.215625 0.39375 0.0265625 0.05390625
0 0.60859375 0.44375 0.02890625 0.05390625
0 0.5390625 0.4296875 0.02578125 0.04453125
0 0.37265625 0.4203125 0.02890625 0.05390625
1 0.365625 0.5484375 0.06015625 0.31796875
0 0.42734375 0.41640625 0.03515625 0.065625
3 0.5375 0.6109375 0.0234375 0.028125
3 0.36640625 0.6015625 0.025 0.02890625
3 0.59453125 0.66328125 0.0265625 0.034375
3 0.22890625 0.69921875 0.0390625 0.03984375
1 0.4234375 0.5875 0.0984375 0.41796875
0 0.0484375 0.3421875 0.05703125 0.09375
0 0.25 0.36875 0.04375 0.0796875
1 0.61015625 0.59296875 0.08203125 0.35859375
1 0.0640625 0.6296875 0.128125 0.675
1 0.2390625 0.59296875 0.14765625 0.53046875
1 0.540625 0.56015625 0.06953125 0.31484375