0 0.022734864075798868 0.3053778464092038 0.029180966565000098 0.11265453610435347
1 0.5370376726807644 0.5141331393492484 0.12551698480111143 0.4256726865718917
3 0.5306448151575699 0.6423126815037261 0.03212282218833344 0.0376818071815924
1 0.060076435598542144 0.5669147892276115 0.1090243882958339 0.656795421544777
1 0.21501850873680603 0.5769523436787293 0.211314240119445 0.6886362948849521
0 0.22787630575517387 0.2901199641902341 0.07155030452090286 0.12071247579950324
1 0.40527917961461846 0.5266200246914762 0.22740809954250044 0.5075044695529872
0 0.1685383265567364 0.32562619301479934 0.03895470364722229 0.06271816861791084
0 0.5282951862641323 0.33994166042648727 0.04073540919430556 0.07210225897699045
0 0.40189568721406277 0.31411093433239656 0.04364220364722229 0.06274543969514967
0 0.36813893626413224 0.3408734222321481 0.0373558360560418 0.06114657825883123
3 0.20624553362243114 0.7035830213718264 0.056178571238402863 0.06438066256778666
3 0.39098224990309083 0.6173404734618122 0.035393292553055566 0.043949987899751616