0 0.5234375 0.26796875 0.03046875 0.05
1 0.62421875 0.4546875 0.103125 0.41328125
1 0.0984375 0.471875 0.1515625 0.553125
1 0.29296875 0.4640625 0.13125 0.44296875
1 0.525 0.396875 0.07265625 0.309375
1 0.42421875 0.5015625 0.1484375 0.60625
1 0.83046875 0.409375 0.0640625 0.2453125
0 0.421875 0.253125 0.05078125 0.103125
3 0.39453125 0.60546875 0.0484375 0.05546875
0 0.0890625 0.2453125 0.05390625 0.09375
3 0.6125 0.5296875 0.03203125 0.034375
0 0.31328125 0.2828125 0.0390625 0.07265625
0 0.82890625 0.30703125 0.021875 0.03828125
0 0.6203125 0.28359375 0.034375 0.0671875
3 0.2765625 0.55859375 0.034375 0.0390625
3 0.05 0.5609375 0.046875 0.04453125
2 0.28125 0.296875 0.03359375 0.06171875
3 0.81796875 0.43984375 0.01875 0.01953125
3 0.5125 0.4421875 0.02265625 0.021875