1 0.3421875 0.4666666666666667 0.0203125 0.025
1 0.2515625 0.525 0.0328125 0.03611111111111111
1 0.53125 0.4888888888888889 0.0265625 0.027777777777777776
2 0.26875 0.4361111111111111 0.1171875 0.4666666666666667
2 0.35625 0.38333333333333336 0.0703125 0.2833333333333333
2 0.5359375 0.4388888888888889 0.0875 0.3527777777777778
1 0.075 0.7388888888888889 0.0609375 0.06944444444444445
0 0.540625 0.2916666666666667 0.028125 0.05
0 0.2671875 0.24722222222222223 0.040625 0.07777777777777778
0 0.359375 0.26666666666666666 0.0234375 0.041666666666666664
2 0.13125 0.5944444444444444 0.2078125 0.7888888888888889
0 0.1390625 0.2777777777777778 0.0796875 0.14166666666666666