1 0.9126946292407823 0.32154285877201483 0.16122883002206123 0.5828211162111037
1 0.4732297148489241 0.3841072487616549 0.1551885376322753 0.4531336162111037
1 0.7433281991331585 0.3091627909465533 0.13894279941909957 0.40560364474715094
1 0.543617143508806 0.3457489160489972 0.1119051104201354 0.3606892510334573
0 0.8855478941279784 0.08426333664610836 0.05876287799792799 0.09004711124870501
1 0.8330584791169479 0.3743639518237548 0.19226481430629577 0.6466310591390092
3 0.9310207901179837 0.4134563769689799 0.04607878742738762 0.052037688998963993
2 0.8270247646823083 0.11895085980547215 0.06254284946188093 0.10425516046291672
3 0.4899013304408554 0.4948071542621729 0.03626713978475227 0.04222604135632899
0 0.7509331455757206 0.1458815409465533 0.04026543507002245 0.061121590570540583
0 0.47453115736254486 0.20552848449363129 0.044045406533975394 0.07532963978475227
0 0.5364682311838624 0.1979663875129499 0.033724336641599 0.054580492142117173
3 0.7724484648489242 0.3701709115008832 0.03121576674922295 0.03419521753501131
3 0.864884213815467 0.46097138586032005 0.04437073821317554 0.04883991439185813
3 0.5518448664205007 0.38668213110280913 0.027945217535011224 0.030924668320799674