2 0.5296875 0.29921875 0.04921875 0.07578125
0 0.05078125 0.11640625 0.09765625 0.18046875
3 0.66875 0.58828125 0.03671875 0.04140625
1 0.32265625 0.47578125 0.08203125 0.29296875
0 0.6984375 0.3015625 0.0453125 0.078125
3 0.48203125 0.553125 0.03515625 0.03515625
3 0.96171875 0.546875 0.02578125 0.0296875
2 0.328125 0.359375 0.02578125 0.0515625
0 0.96484375 0.3546875 0.03203125 0.059375
3 0.81796875 0.51796875 0.02109375 0.025
0 0.83203125 0.3484375 0.025 0.04375
0 0.6578125 0.33828125 0.02734375 0.040625
1 0.83203125 0.4734375 0.075 0.29453125
1 0.52734375 0.490625 0.13671875 0.465625
1 0.6796875 0.50625 0.1421875 0.49375
1 0.1046875 0.50390625 0.209375 0.96875
1 0.96015625 0.496875 0.07734375 0.34375