1 0.7336609104104042 0.10626484677579358 0.1266968208208084 0.21252969355158716
3 0.5261185100998207 0.42514962572612564 0.05676521046687384 0.06497433664159917
0 0.42590234734092913 0.017955825683344397 0.04519067363517095 0.03591165136668879
3 0.4353507549793232 0.27897029259918316 0.041519642065139986 0.044006865177646404
2 0.2436505604386391 0.08108937241635675 0.032599668373499216 0.051382717535011314
1 0.4386584945265666 0.21078973883460286 0.15967446274477406 0.4215794776692057
0 0.46137711575678064 0.024131974049850572 0.04306673151356133 0.048263948099701144
2 0.49412870257436625 0.04982225579096825 0.10075740514873247 0.0996445115819365
3 0.7406312472279897 0.11356134657090582 0.024984589448421347 0.02765411910658786
1 0.2631502603115822 0.2141373128630628 0.14879860495108826 0.3341652923897862
1 0.5241402391943076 0.2847623360224266 0.27640547838861523 0.5695246720448532