0 0.05932732813070283 0.5801323953294093 0.03708392017181654 0.022293170671545327
2 0.07439348541222057 0.6886170573281366 0.050157130257724794 0.03337612133990877
3 0.3415910357302202 0.08905067262095664 0.06092421189493056 0.06004770934118144
0 0.03165162822155986 0.4100380713319546 0.022687227498762806 0.0455488573360908
0 0.0432188127540132 0.16835001066200023 0.07251680913596859 0.07267497867599956
1 0.14140284373453504 0.5651062846515007 0.21338747060135782 0.0789987986950896
1 0.2294937432141367 0.679776764640365 0.3725035210308992 0.135504432049634
3 0.3080226984388049 0.34350236262732 0.05245661465389251 0.04745680267345431
1 0.24559461951513256 0.39035063796945596 0.4590894742194025 0.1786737240610881
3 0.2728376294647553 0.6566023466343196 0.042426517412854546 0.0348477146721816
0 0.0153361521931351 0.18821761533259096 0.013803550429541317 0.05481476933481808
1 0.2962209820213186 0.16306088462763815 0.5883476062861496 0.2613782307447237