1 0.8 0.5361111111111111 0.0203125 0.025
1 0.671875 0.6111111111111112 0.0328125 0.03888888888888889
2 0.6671875 0.5055555555555555 0.1046875 0.4638888888888889
2 0.8140625 0.4777777777777778 0.084375 0.3138888888888889
2 0.3 0.49166666666666664 0.1 0.3388888888888889
0 0.6671875 0.3138888888888889 0.040625 0.075
0 0.30625 0.3527777777777778 0.0265625 0.05555555555555555
0 0.8125 0.3472222222222222 0.0296875 0.05
2 0.559375 0.4666666666666667 0.090625 0.2777777777777778
0 0.578125 0.35555555555555557 0.0234375 0.04722222222222222
0 0.0375 0.37222222222222223 0.0265625 0.05555555555555555