1 0.4015625 0.5888888888888889 0.0203125 0.025
0 0.2515625 0.36666666666666664 0.04375 0.07777777777777778
2 0.50625 0.5583333333333333 0.0625 0.31666666666666665
2 0.4046875 0.5444444444444444 0.05625 0.26666666666666666
2 0.5671875 0.575 0.071875 0.325
2 0.4453125 0.6 0.08125 0.39444444444444443
0 0.565625 0.4388888888888889 0.028125 0.04722222222222222
3 0.271875 0.4027777777777778 0.0453125 0.08333333333333333
0 0.409375 0.43333333333333335 0.021875 0.041666666666666664
0 0.453125 0.4388888888888889 0.0328125 0.06666666666666667
0 0.1046875 0.35 0.06875 0.13055555555555556
0 0.5046875 0.42777777777777776 0.0265625 0.05
2 0.2625 0.6055555555555555 0.1546875 0.5861111111111111
2 0.1109375 0.6333333333333333 0.2171875 0.7083333333333334
1 0.55625 0.625 0.0234375 0.030555555555555555
1 0.2421875 0.7166666666666667 0.04375 0.05
1 0.065625 0.8138888888888889 0.0671875 0.06944444444444445
1 0.4984375 0.6166666666666667 0.0234375 0.025
1 0.4390625 0.6777777777777778 0.03125 0.03611111111111111