1 0.5578125 0.6833333333333333 0.0296875 0.03888888888888889
2 0.128125 0.6083333333333333 0.2546875 0.775
1 0.4609375 0.6833333333333333 0.0359375 0.03888888888888889
0 0.565625 0.43333333333333335 0.0359375 0.05555555555555555
2 0.384375 0.6861111111111111 0.178125 0.6166666666666667
0 0.0859375 0.3138888888888889 0.103125 0.17777777777777778
0 0.2421875 0.40555555555555556 0.05625 0.10277777777777777
2 0.5640625 0.5972222222222222 0.0984375 0.40555555555555556
3 0.3703125 0.4305555555555556 0.0546875 0.1
0 0.459375 0.41944444444444445 0.0390625 0.07222222222222222
2 0.4734375 0.6138888888888889 0.1015625 0.46111111111111114
2 0.2515625 0.6666666666666666 0.121875 0.6388888888888888