1 0.140625 0.4777777777777778 0.025 0.030555555555555555
1 0.515625 0.4527777777777778 0.021875 0.025
0 0.434375 0.26666666666666666 0.040625 0.06666666666666667
3 0.228125 0.24444444444444444 0.034375 0.06666666666666667
0 0.3375 0.21944444444444444 0.034375 0.06666666666666667
1 0.40625 0.5777777777777777 0.0359375 0.044444444444444446
3 0.1578125 0.23333333333333334 0.0296875 0.05555555555555555
1 0.3203125 0.4777777777777778 0.025 0.030555555555555555
0 0.05625 0.20555555555555555 0.0390625 0.06944444444444445
1 0.196875 0.5083333333333333 0.034375 0.03611111111111111
2 0.146875 0.38055555555555554 0.0828125 0.3611111111111111
2 0.3359375 0.39444444444444443 0.1 0.4222222222222222
2 0.2234375 0.4444444444444444 0.1046875 0.4722222222222222
2 0.428125 0.475 0.109375 0.49166666666666664
2 0.053125 0.39444444444444443 0.10625 0.45
1 0.0125 0.4666666666666667 0.025 0.03888888888888889
2 0.5171875 0.40555555555555556 0.059375 0.275
0 0.5203125 0.2916666666666667 0.025 0.044444444444444446