0 0.2625 0.2109375 0.05078125 0.09375
1 0.609375 0.34375 0.103125 0.42578125
1 0.2765625 0.3859375 0.1796875 0.65859375
1 0.8984375 0.41796875 0.184375 0.64609375
3 0.5875 0.41875 0.034375 0.040625
0 0.60703125 0.16796875 0.03828125 0.0703125
0 0.91171875 0.15078125 0.05703125 0.109375
0 0.26796875 0.10703125 0.06015625 0.09609375
0 0.19375 0.159375 0.0328125 0.075
1 0.49375 0.29375 0.06015625 0.225
1 0.18671875 0.3109375 0.09453125 0.38359375
0 0.49453125 0.20625 0.01953125 0.04140625
3 0.228125 0.49609375 0.0578125 0.0640625