1 0.55 0.45555555555555555 0.0375 0.044444444444444446
0 0.40625 0.18333333333333332 0.040625 0.07777777777777778
2 0.4265625 0.3611111111111111 0.15 0.45555555555555555
0 0.4484375 0.16944444444444445 0.0375 0.06388888888888888
0 0.6875 0.18888888888888888 0.0375 0.06388888888888888
0 0.56875 0.16944444444444445 0.04375 0.07777777777777778
2 0.571875 0.36666666666666664 0.109375 0.48055555555555557
2 0.6859375 0.35555555555555557 0.0890625 0.3972222222222222
2 0.1484375 0.5055555555555555 0.2953125 0.9611111111111111
1 0.6765625 0.4166666666666667 0.03125 0.030555555555555555
1 0.3765625 0.4444444444444444 0.0359375 0.03888888888888889
3 0.146875 0.11388888888888889 0.08125 0.14444444444444443
1 0.0546875 0.6694444444444444 0.1 0.09166666666666666