3 0.9140625 0.21388888888888888 0.028125 0.058333333333333334
0 0.88125 0.19444444444444445 0.0359375 0.06666666666666667
1 0.9640625 0.42777777777777776 0.025 0.03333333333333333
2 0.559375 0.3611111111111111 0.096875 0.37777777777777777
0 0.3390625 0.17777777777777778 0.046875 0.08333333333333333
2 0.8828125 0.35833333333333334 0.2078125 0.40555555555555556
0 0.2109375 0.14166666666666666 0.059375 0.10555555555555556
2 0.215625 0.44166666666666665 0.171875 0.7027777777777777
2 0.4140625 0.3611111111111111 0.090625 0.4305555555555556
1 0.3171875 0.4888888888888889 0.0421875 0.044444444444444446
2 0.353125 0.40555555555555556 0.1375 0.55
0 0.3953125 0.18333333333333332 0.034375 0.06388888888888888
1 0.546875 0.44722222222222224 0.028125 0.03611111111111111
3 0.5578125 0.2 0.0359375 0.05555555555555555
1 0.1734375 0.5472222222222223 0.0578125 0.06666666666666667