3 0.603125 0.35833333333333334 0.028125 0.05555555555555555
0 0.746875 0.35833333333333334 0.0375 0.06111111111111111
1 0.7484375 0.5833333333333334 0.0296875 0.030555555555555555
1 0.59375 0.5833333333333334 0.0265625 0.03333333333333333
1 0.2296875 0.6 0.034375 0.041666666666666664
0 0.2703125 0.32222222222222224 0.04375 0.08333333333333333
0 0.23125 0.3 0.040625 0.06944444444444445
0 0.6234375 0.33055555555555555 0.034375 0.044444444444444446
0 0.3453125 0.39444444444444443 0.0203125 0.044444444444444446
2 0.2703125 0.5083333333333333 0.1453125 0.4861111111111111
2 0.615625 0.49722222222222223 0.115625 0.37222222222222223
2 0.75 0.525 0.103125 0.3972222222222222
2 0.3515625 0.49722222222222223 0.0484375 0.25277777777777777