2 0.5306672567930579 0.7139491205457487 0.059141876223535304 0.08444920783841656
0 0.052512518858775545 0.8779802474927175 0.050570462791356977 0.196585494985435
3 0.679456898540872 0.41546145942126217 0.04220734736759475 0.04649456677218975
1 0.310565544001701 0.5124307699917527 0.10945936787083284 0.31848923871722884
0 0.7104911660488851 0.7230837428073571 0.05450893992586607 0.08587531551854859
3 0.4797669225874891 0.4408693217202476 0.04042659255827132 0.04019910266556703
3 0.9884573705495716 0.47997756663917573 0.023085258900856685 0.03367631802583091
2 0.31568460833700407 0.6366722520450641 0.03170635698624169 0.05867631802583091
0 0.9878658654661712 0.6853099243193077 0.024268269067657756 0.0651081744523216
3 0.8377356792109112 0.500453888030219 0.02436508293962447 0.02724446159934022
0 0.8534673505324557 0.6827579226699549 0.02981647477225664 0.04925585391920819
0 0.6676935416394484 0.682035193981856 0.03126984736759475 0.04617631802583091
1 0.853516935834333 0.5500818149898231 0.10170143157316361 0.3198244181841155
1 0.5282341936388812 0.5101792628656168 0.18001494844820484 0.5062907670887589
1 0.6911607795737307 0.5047740120076869 0.18886415879249102 0.5362055876218722
1 0.111746098085385 0.49571932845067224 0.22349219617077 0.9914386569013445
1 0.9680927794889127 0.5319121396795715 0.06381444102217451 0.36936977711788865