0 0.47104715739305936 0.7367741451841885 0.033706614653892686 0.048512743102595124
0 0.38345862618539495 0.7695667130265843 0.026801517412854546 0.0356851944820761
3 0.35079885515449577 0.6396678510862253 0.023103307326946255 0.024583920171816587
3 0.4382236120519007 0.6037502832438294 0.0247476944820761 0.026228307326946164
0 0.7014473083429991 0.6635945154922906 0.03543288896415202 0.051719630257724705
0 0.853101661576931 0.6125598807120101 0.07053822930778537 0.0971892605154494
0 0.9789692842598822 0.5900596817073782 0.04206143148023571 0.20680992198083886
1 0.6661505382166111 0.5581191214397558 0.1553646879233554 0.2886198439616777
1 0.3576154211878694 0.680047189620836 0.12141241180407354 0.2354196008590826
1 0.44273737166283916 0.6450337025111348 0.131606283355371 0.2515359237898611
1 0.81796875 0.3700547139310955 0.3640625 0.740109427862191
1 0.78324842774659 0.40078689902937564 0.3139362630018404 0.578965962233615