0 0.425 0.35390625 0.0234375 0.046875
2 0.29453125 0.38671875 0.0234375 0.05546875
3 0.56640625 0.5296875 0.02421875 0.02578125
3 0.6875 0.6328125 0.04296875 0.05078125
0 0.56875 0.3375 0.0265625 0.046875
1 0.41015625 0.46953125 0.11015625 0.29296875
1 0.28828125 0.48046875 0.09765625 0.33359375
2 0.69453125 0.25625 0.05078125 0.1046875
1 0.0953125 0.50390625 0.1390625 0.42890625
0 0.10859375 0.33125 0.03828125 0.0765625
1 0.575 0.46796875 0.08828125 0.3203125
1 0.7125 0.50859375 0.1546875 0.63046875
0 0.309375 0.34375 0.02578125 0.05390625