3 0.5414360445576414 0.8159445758911463 0.05227157200827222 0.062137630508958354
1 0.58045473325114 0.6191429642838894 0.23245325206872422 0.5115233007211808
1 0.47436781791059507 0.6698131518792019 0.28477936807763277 0.5783484312301391
0 0.8233358606381376 0.22937652193892427 0.10963063335454457 0.15875936379145844
0 0.7331552086250929 0.32339731924163256 0.0779442813494537 0.12053201196784728
1 0.8431916379296851 0.5377345358066327 0.31107133744426746 0.8242064450978475
0 0.42380638594050274 0.4482641537790629 0.06831474267981755 0.09843880642076393
3 0.9769286492282321 0.7971667000349314 0.02919769867918127 0.09284211664125017
1 0.7816632445894581 0.5870974497505909 0.29382819875872296 0.684780269186042
0 0.5343080812778662 0.42114056895729207 0.06193747334499946 0.08735583605604166
3 0.6192076032384135 0.7138203378589936 0.04911020934118149 0.05893989532659738