2 0.5046875 0.38333333333333336 0.05625 0.25833333333333336
2 0.203125 0.36944444444444446 0.059375 0.26944444444444443
1 0.3984375 0.48333333333333334 0.025 0.030555555555555555
0 0.4140625 0.275 0.028125 0.05
1 0.259375 0.5638888888888889 0.040625 0.05277777777777778
0 0.2859375 0.23055555555555557 0.053125 0.1
2 0.4109375 0.4111111111111111 0.075 0.33055555555555555
2 0.2890625 0.48055555555555557 0.15 0.6083333333333333
1 0.5015625 0.45 0.01875 0.025
0 0.503125 0.28055555555555556 0.025 0.041666666666666664
3 0.20625 0.25555555555555554 0.0203125 0.03888888888888889
0 0.38125 0.26666666666666666 0.0234375 0.044444444444444446
1 0.1921875 0.4111111111111111 0.01875 0.022222222222222223