1 0.5046875 0.46111111111111114 0.034375 0.044444444444444446
2 0.1984375 0.42777777777777776 0.1671875 0.5777777777777777
0 0.2578125 0.23055555555555557 0.03125 0.05555555555555555
0 0.19375 0.20277777777777778 0.034375 0.08055555555555556
3 0.1640625 0.18333333333333332 0.0453125 0.09444444444444444
2 0.0953125 0.39444444444444443 0.084375 0.5166666666666667
0 0.10625 0.18333333333333332 0.05 0.08611111111111111
0 0.5125 0.2 0.040625 0.075
2 0.5171875 0.39166666666666666 0.13125 0.4666666666666667
1 0.0859375 0.4777777777777778 0.0390625 0.041666666666666664
1 0.1609375 0.5722222222222222 0.04375 0.058333333333333334