1 0.7 0.5861111111111111 0.0328125 0.03611111111111111
2 0.359375 0.5083333333333333 0.178125 0.5833333333333334
2 0.7125 0.48333333333333334 0.1390625 0.4888888888888889
2 0.053125 0.5111111111111111 0.1046875 0.45
2 0.128125 0.4722222222222222 0.0859375 0.3333333333333333
2 0.965625 0.4861111111111111 0.065625 0.35833333333333334
3 0.128125 0.34444444444444444 0.0265625 0.06666666666666667
2 0.9875 0.33611111111111114 0.025 0.05555555555555555
3 0.375 0.28888888888888886 0.0453125 0.09166666666666666
0 0.3515625 0.25833333333333336 0.0515625 0.07222222222222222
0 0.05 0.325 0.0328125 0.06666666666666667
0 0.721875 0.2833333333333333 0.046875 0.07777777777777778
1 0.303125 0.6083333333333333 0.0421875 0.05