1 0.6379196048436451 0.6183812045002436 0.07951296991261039 0.2641729091943056
3 0.8757438652684865 0.5590289607685077 0.020994461599340042 0.02391027868534721
1 0.19081728431053166 0.6157925734226043 0.17456470862983933 0.3647560970739585
0 0.17716865828799966 0.762449367875521 0.03449467194503919 0.05857621941479181
3 0.6327607434025895 0.5807357341355214 0.01938649749271768 0.022311411094166723
0 0.2756349020197935 0.7100166585287155 0.02305706677218975 0.04113414627652787
3 0.1346869562555709 0.5566344725489237 0.027335389812585563 0.027180749050069508
1 0.8798259600164947 0.6068124973376396 0.0859448263391009 0.27056837955902785
0 0.8828025443396615 0.7194579677023618 0.021403638558944494 0.03797277868534721
0 0.8937855084462842 0.7181500408406258 0.02144910266556721 0.03953527868534721
1 0.2751240881505977 0.6201001733463544 0.08627979546028879 0.22841724715020853
0 0.6386433673800574 0.727847123478195 0.02622753087881229 0.042769381458888846