2 0.34375 0.475 0.0921875 0.32222222222222224
2 0.45625 0.4666666666666667 0.0953125 0.26666666666666666
0 0.3625 0.34444444444444444 0.0265625 0.05555555555555555
0 0.1875 0.3388888888888889 0.0359375 0.07222222222222222
3 0.35 0.3861111111111111 0.021875 0.04722222222222222
0 0.546875 0.3333333333333333 0.0296875 0.05
3 0.6234375 0.225 0.0609375 0.12222222222222222
1 0.609375 0.6694444444444444 0.053125 0.058333333333333334
1 0.54375 0.5333333333333333 0.0234375 0.025
0 0.4765625 0.35833333333333334 0.0203125 0.044444444444444446
2 0.1765625 0.5 0.125 0.39444444444444443
2 0.65 0.5361111111111111 0.1765625 0.7444444444444445
2 0.54375 0.46944444444444444 0.06875 0.33611111111111114