0 0.9328397487340556 0.2234010263137145 0.03305060217691817 0.05228985182361114
2 0.7705480798595816 0.24357132200090215 0.03655754809323426 0.0633000870059723
3 0.8781894211519088 0.4471483040491312 0.03250496515360979 0.03666485182361114
1 0.21338045372086428 0.5145488900082638 0.42676090744172857 0.9709022199834726
0 0.12576634791574898 0.15397637234083322 0.1394692716843644 0.19371624525034736
3 0.8005554944728864 0.434904183608159 0.02598214664195524 0.028706881458888844
1 0.8827702829474738 0.3830312526623604 0.16429569001068423 0.4128662887533334
1 0.5017831777753307 0.40673051111482594 0.12486611306150941 0.31202983415618063
3 0.06523548713167422 0.9484900917556249 0.10656251324684392 0.10083776101791671
1 0.7966517336731133 0.36786215397288125 0.1324802056197809 0.3512378045209029
0 0.4982812102594682 0.28347484907072873 0.03310516587924894 0.053852351823611144
0 0.8721477853945444 0.2177881123697562 0.041354175497895794 0.06653418977951393
3 0.9484572811333752 0.42443619624159634 0.02609127404661713 0.03183188145888884
2 0.7888169302224014 0.2345593447023257 0.03343254809323426 0.06322735182361114
1 0.9407291158870983 0.35514133558427 0.10337305897782549 0.32245818787965275