2 0.26875 0.5916666666666667 0.2625 0.7944444444444444
1 0.0953125 0.5722222222222222 0.028125 0.030555555555555555
1 0.2265625 0.9083333333333333 0.0765625 0.09444444444444444
1 0.55 0.6027777777777777 0.028125 0.03333333333333333
2 0.36875 0.5444444444444444 0.1 0.46944444444444444
0 0.35625 0.35555555555555557 0.034375 0.07777777777777778
0 0.55 0.3972222222222222 0.03125 0.05555555555555555
0 0.1109375 0.34444444444444444 0.0328125 0.05277777777777778
2 0.1125 0.5111111111111111 0.0984375 0.39166666666666666
2 0.55 0.5416666666666666 0.084375 0.35
0 0.2515625 0.2833333333333333 0.09375 0.1638888888888889