1 0.671875 0.5555555555555556 0.0234375 0.027777777777777776
1 0.4921875 0.55 0.0234375 0.025
2 0.315625 0.6055555555555555 0.2140625 0.7694444444444445
2 0.5921875 0.5083333333333333 0.09375 0.39166666666666666
0 0.28125 0.28888888888888886 0.0640625 0.125
1 0.59375 0.5666666666666667 0.0296875 0.03611111111111111
1 0.2875 0.8361111111111111 0.0546875 0.06944444444444445
0 0.5828125 0.34444444444444444 0.0328125 0.06111111111111111
2 0.675 0.49444444444444446 0.0703125 0.28888888888888886
2 0.490625 0.45555555555555555 0.1046875 0.38055555555555554
0 0.671875 0.375 0.0265625 0.05