1 0.9671875 0.49296875 0.06328125 0.34375
0 0.48203125 0.296875 0.0375 0.06875
3 0.80078125 0.5359375 0.02265625 0.02890625
3 0.96484375 0.546875 0.02578125 0.0296875
2 0.29375 0.27578125 0.0453125 0.09375
0 0.27890625 0.23515625 0.053125 0.0609375
0 0.51484375 0.30546875 0.03515625 0.06640625
1 0.8125 0.46796875 0.0765625 0.3234375
1 0.50625 0.4765625 0.1171875 0.428125
1 0.27890625 0.51875 0.203125 0.6390625
3 0.48828125 0.54921875 0.03359375 0.0359375
0 0.97890625 0.353125 0.0328125 0.059375
3 0.21953125 0.646875 0.05078125 0.05546875
0 0.81796875 0.33359375 0.02890625 0.05078125