0 0.6515625 0.3796875 0.02578125 0.04609375
0 0.74765625 0.3859375 0.0328125 0.05703125
0 0.54375 0.39453125 0.0234375 0.04453125
3 0.64765625 0.55234375 0.021875 0.025
1 0.65625 0.4953125 0.06328125 0.2796875
1 0.54375 0.515625 0.0609375 0.28125
0 0.47421875 0.38046875 0.03515625 0.06015625
0 0.1265625 0.30703125 0.0671875 0.121875
1 0.4734375 0.54375 0.09453125 0.39375
1 0.153125 0.6171875 0.2015625 0.74375
3 0.5375 0.58046875 0.02421875 0.02890625
3 0.46328125 0.5953125 0.03203125 0.03125
3 0.69140625 0.5890625 0.02578125 0.03125
3 0.1015625 0.7734375 0.06015625 0.06640625
1 0.2546875 0.52578125 0.0640625 0.225