1 0.94375 0.49453125 0.0890625 0.340625
1 0.65546875 0.4921875 0.11015625 0.453125
1 0.271875 0.48671875 0.1046875 0.33359375
0 0.67734375 0.29609375 0.03515625 0.05546875
1 0.76171875 0.51171875 0.13515625 0.534375
0 0.946875 0.35546875 0.0328125 0.0546875
3 0.94296875 0.54609375 0.02734375 0.0390625
0 0.82578125 0.34296875 0.0234375 0.04375
0 0.27734375 0.35390625 0.0265625 0.05546875
3 0.74609375 0.615625 0.03828125 0.0453125
3 0.64140625 0.56953125 0.03515625 0.03984375
1 0.83125 0.46953125 0.06875 0.3
0 0.7484375 0.29296875 0.04765625 0.09296875