2 0.359375 0.6083333333333333 0.215625 0.7027777777777777
1 0.1234375 0.675 0.0453125 0.058333333333333334
1 0.3421875 0.7916666666666666 0.05 0.06666666666666667
0 0.159375 0.3194444444444444 0.0578125 0.11388888888888889
0 0.2734375 0.3388888888888889 0.0265625 0.05
2 0.5 0.5055555555555555 0.084375 0.33055555555555555
1 0.4921875 0.55 0.0265625 0.03333333333333333
0 0.490625 0.36944444444444446 0.028125 0.05
3 0.3390625 0.3388888888888889 0.04375 0.08611111111111111
2 0.2703125 0.475 0.0765625 0.33055555555555555
2 0.1515625 0.5555555555555556 0.15 0.6027777777777777
3 0.384375 0.32222222222222224 0.0625 0.11944444444444445