2 0.3254873054593159 0.19839460030499972 0.09877069994353027 0.061593423062014006
1 0.5835497054169636 0.14791724914697868 0.6428832629424182 0.24121863924576442
1 0.5209271500282349 0.025577962196597075 0.34252069994353035 0.05115592439319415
1 0.5050628714419755 0.3970645703853815 0.3705994682887946 0.14749978115388923
2 0.35827887670364744 0.3989206239563538 0.06155912628012441 0.03888196846486114
0 0.37974841318241453 0.016907557751944125 0.06275760523343692 0.03266833605604171
2 0.3245919343702762 0.16018608548736082 0.08388915258848365 0.04720361474138892
0 0.3921952052757893 0.006291866831874847 0.05559755261671846 0.012583733663749694
0 0.3627010661944211 0.41676208738722187 0.04980257892507778 0.02456489532659738
3 0.6787858816829706 0.09342781126732581 0.07055469468185827 0.05937630642076395
3 0.5569361845820378 0.37713262367201345 0.03610409997176518 0.030487587005972296