2 0.3265625 0.3 0.1171875 0.48055555555555557
0 0.7078125 0.14722222222222223 0.028125 0.05277777777777778
1 0.4140625 0.45555555555555555 0.05 0.05277777777777778
1 0.296875 0.4527777777777778 0.0421875 0.05
1 0.6078125 0.3972222222222222 0.034375 0.041666666666666664
1 0.69375 0.33055555555555555 0.025 0.030555555555555555
0 0.3328125 0.10555555555555556 0.05 0.08611111111111111
2 0.70625 0.28055555555555556 0.06875 0.3194444444444444
2 0.621875 0.3194444444444444 0.10625 0.45555555555555555
2 0.43125 0.3388888888888889 0.1625 0.6472222222222223
0 0.525 0.15833333333333333 0.0203125 0.044444444444444446
0 0.4453125 0.06388888888888888 0.0421875 0.08333333333333333
0 0.4109375 0.10277777777777777 0.0484375 0.09444444444444444
0 0.625 0.13333333333333333 0.040625 0.07777777777777778
2 0.521875 0.25833333333333336 0.053125 0.25277777777777777