2 0.18115715174290917 0.688763559912067 0.06479284034363304 0.0441136143631848
0 0.07550577453740212 0.4232243974424761 0.09151247060135784 0.07707156010845857
3 0.37230885346107445 0.4710589512062229 0.03946529172311406 0.037718168617910844
3 0.3913820007929695 0.6290305324901162 0.042426517412854546 0.03461134933607006
1 0.32046307044438765 0.4910760145361353 0.40382212008095947 0.1944782704880637
1 0.3043278946183616 0.2323095477136226 0.4983024604245926 0.23876460167376107
1 0.34605064789772194 0.36071634884509074 0.6746812539567288 0.32570204117251905
1 0.32983366915576373 0.6552430536655509 0.38104636137453224 0.177163505460949
3 0.45311287539648476 0.3160129029034251 0.07038109905006032 0.06132838544042354
0 0.11803186849907979 0.28280393052176744 0.09546298620519007 0.06303633118569749
0 0.16138464156614388 0.5292249334486337 0.06816350180902231 0.04881929508134384
2 0.12566622682139425 0.40554199375348404 0.09768058344622811 0.07554542154477702