0 0.8203125 0.3277777777777778 0.0328125 0.05277777777777778
1 0.803125 0.5388888888888889 0.0234375 0.025
2 0.0953125 0.48055555555555557 0.1109375 0.35555555555555557
2 0.8109375 0.4666666666666667 0.096875 0.3333333333333333
2 0.575 0.48333333333333334 0.128125 0.425
1 0.5453125 0.5555555555555556 0.0296875 0.03611111111111111
0 0.9875 0.33611111111111114 0.025 0.05555555555555555
0 0.5671875 0.3 0.034375 0.05277777777777778
2 0.9671875 0.4861111111111111 0.065625 0.35833333333333334
3 0.5875 0.32222222222222224 0.034375 0.06666666666666667
3 0.096875 0.33611111111111114 0.0296875 0.058333333333333334