1 0.5555924494494201 0.5819424299325924 0.3622255261671849 0.15830442115199367
3 0.4481593810476861 0.5610117855151783 0.042718121018452494 0.03617384933607006
0 0.731925978247441 0.7399463483541113 0.12522678413027996 0.08507495764913067
0 0.6958758152062008 0.6171219267111384 0.06982665258848364 0.04570338544042372
1 0.4204409886296102 0.8875363614363184 0.7256047576807463 0.2249272771273631
1 0.47898225974688485 0.8220401891059744 0.6044423892225425 0.267489565373016
0 0.7073788174841008 0.9868879634046671 0.11110409997176518 0.02622407319066582
3 0.3104814306806328 0.9460175237095175 0.06441111049510884 0.033176114363184794
0 0.7281408255883701 0.7688207820973327 0.11935621572854593 0.06473518657189174
3 0.3912470413169159 0.8309015838179761 0.05291216837349921 0.050290891490547905
0 0.711392212321251 0.8835281767111386 0.10097023677523324 0.07087610226293606
1 0.4413395046263874 0.6718720174630015 0.7555792259695409 0.36833496876742033
3 0.27792945200966884 0.6553016201187213 0.07873121572854576 0.06449883723582168