0 0.478125 0.27734375 0.01640625 0.03203125
3 0.34765625 0.5515625 0.03828125 0.04375
0 0.36796875 0.26171875 0.04296875 0.08125
2 0.5484375 0.28046875 0.01796875 0.03359375
1 0.29140625 0.40078125 0.08046875 0.27890625
1 0.3828125 0.465625 0.12734375 0.49453125
2 0.63046875 0.29375 0.02890625 0.05859375
3 0.546875 0.40546875 0.0171875 0.0203125
0 0.29921875 0.2859375 0.025 0.0484375
1 0.5546875 0.35859375 0.06484375 0.24296875
0 0.5515625 0.25859375 0.02109375 0.040625
1 0.6359375 0.41875 0.0734375 0.33984375
1 0.47890625 0.35703125 0.0546875 0.19375