3 0.8655105827950109 0.45001961806862134 0.10626936525911965 0.09550089867609249
0 0.17873551136738103 0.5556443401562559 0.06474433847375849 0.04204625889134021
3 0.38831901704942384 0.5982450248119937 0.033357970779006776 0.03277826674922295
0 0.26518902881725137 0.3509076443328663 0.1375739123370204 0.10008139081820958
0 0.21399294724335177 0.46189649420903167 0.058467064934808174 0.040192660462916766
0 0.24514531006683948 0.2897689371369372 0.07110343262955983 0.04858735731976358
2 0.33523847605730783 0.3244586143490769 0.1643273271096728 0.11225605913900916
1 0.5046681347408802 0.1142039727022978 0.49378873051823946 0.20410122663123925
1 0.32421560674099836 0.5976050159206535 0.374520533278183 0.16888285649119403
0 0.3221925998378442 0.04159045636735956 0.09311480032431155 0.05741870181924559
1 0.5804088798729116 0.43361325227180236 0.8325820438281946 0.47279999255189276