0 0.01171875 0.41171875 0.0234375 0.07109375
1 0.13203125 0.565625 0.109375 0.35625
1 0.5171875 0.615625 0.1078125 0.42578125
1 0.36484375 0.56328125 0.10078125 0.35859375
1 0.865625 0.6234375 0.246875 0.73203125
1 0.02734375 0.58046875 0.0546875 0.4140625
0 0.8703125 0.33359375 0.0734375 0.1390625
3 0.81171875 0.87734375 0.0625 0.06328125
0 0.52578125 0.43828125 0.0359375 0.0609375
3 0.4984375 0.7015625 0.03359375 0.04296875
0 0.37265625 0.421875 0.03203125 0.07109375
0 0.1359375 0.421875 0.03203125 0.06328125