1 0.40546875 0.3953125 0.06328125 0.2234375
1 0.23203125 0.40546875 0.0921875 0.31484375
3 0.06953125 0.59140625 0.0578125 0.05390625
3 0.7109375 0.45078125 0.021875 0.021875
0 0.1140625 0.228125 0.0546875 0.109375
1 0.28671875 0.390625 0.05078125 0.23046875
0 0.28671875 0.29921875 0.01875 0.04140625
0 0.4046875 0.30390625 0.01875 0.03984375
0 0.24375 0.27578125 0.028125 0.0515625
0 0.7140625 0.29765625 0.0265625 0.04921875
1 0.1203125 0.4890625 0.17734375 0.64453125
1 0.715625 0.4171875 0.0765625 0.2921875