3 0.0140625 0.55625 0.0265625 0.0359375
1 0.0453125 0.48203125 0.090625 0.40859375
1 0.1515625 0.528125 0.1203125 0.52890625
0 0.16015625 0.31015625 0.05078125 0.0890625
1 0.29375 0.5234375 0.125 0.4703125
0 0.30078125 0.3265625 0.03828125 0.06328125
0 0.22109375 0.346875 0.02890625 0.05390625
0 0.04453125 0.31796875 0.028125 0.05625
0 0.01640625 0.3078125 0.0328125 0.0546875
1 0.2234375 0.4859375 0.059375 0.33828125
3 0.27421875 0.61015625 0.03671875 0.04296875
3 0.14296875 0.6046875 0.03984375 0.0484375