3 0.509375 0.3 0.0359375 0.06944444444444445
2 0.9609375 0.49722222222222223 0.0765625 0.37222222222222223
0 0.3609375 0.34444444444444444 0.03125 0.058333333333333334
0 0.9796875 0.3416666666666667 0.034375 0.05555555555555555
1 0.4640625 0.5472222222222223 0.0328125 0.027777777777777776
3 0.721875 0.34444444444444444 0.03125 0.06111111111111111
1 0.95625 0.5527777777777778 0.0265625 0.030555555555555555
1 0.70625 0.55 0.0234375 0.030555555555555555
0 0.13125 0.2388888888888889 0.0734375 0.12777777777777777
2 0.5109375 0.49166666666666664 0.1296875 0.46111111111111114
0 0.0328125 0.20555555555555555 0.0640625 0.21666666666666667
2 0.728125 0.4861111111111111 0.084375 0.3472222222222222
2 0.346875 0.4888888888888889 0.109375 0.35
2 0.1578125 0.5555555555555556 0.215625 0.7666666666666667
2 0.0875 0.5416666666666666 0.175 0.8722222222222222