3 0.3140625 0.33611111111111114 0.0390625 0.07222222222222222
2 0.3359375 0.6166666666666667 0.2296875 0.7472222222222222
2 0.0921875 0.5694444444444444 0.16875 0.6555555555555556
3 0.3625 0.3111111111111111 0.0640625 0.12777777777777777
0 0.48125 0.36666666666666664 0.0296875 0.05277777777777778
0 0.253125 0.3333333333333333 0.028125 0.05555555555555555
0 0.0953125 0.30833333333333335 0.0625 0.11666666666666667
0 0.125 0.2916666666666667 0.040625 0.09166666666666666
2 0.2484375 0.48055555555555557 0.075 0.3527777777777778
2 0.4921875 0.5083333333333333 0.090625 0.34444444444444444
1 0.053125 0.6972222222222222 0.0515625 0.06111111111111111
1 0.484375 0.5555555555555556 0.0265625 0.03333333333333333
1 0.3171875 0.8111111111111111 0.05625 0.06944444444444445