3 0.13100707855350663 0.3444756113144554 0.060684233282500076 0.05694089067472685
1 0.22313741432520792 0.48008529996818333 0.3105895011373618 0.7940249093729982
1 0.9081670309664579 0.4439968758752785 0.1672317061157642 0.40652381468808996
1 0.6231380675355899 0.44184621924732215 0.23471537252826452 0.6884828866963624
1 0.7576397008943399 0.4683985338956411 0.1273691191097921 0.3716942813494537
3 0.586768728914097 0.22592177458627644 0.051381968464861316 0.059956802673454226
0 0.7736614783454161 0.618952517226323 0.035720600873680654 0.05821248933799979
3 0.8995745873872218 0.37692755454332383 0.03052395459715278 0.036282945337363426
0 0.21406500674642293 0.8027597313017288 0.09222648043270842 0.13697383601209054
0 0.9152859338924995 0.6079321065404604 0.04215243882958362 0.06609771467218159
0 0.6459345622172563 0.7040098645767314 0.06362870174736131 0.11633407200827221
3 0.7466671397239233 0.40291898456400477 0.027326219414791807 0.03312158267027243
0 0.25014797711114517 0.7960915606301835 0.04807643692972228 0.11927725867281787