0 0.9659725098858317 0.12720374844787588 0.0680549802283366 0.07854315651766242
2 0.9627029298477756 0.15925772434557492 0.07459414030444869 0.08015110831306052
1 0.6974160998469007 0.4694922841594459 0.26909219269935675 0.1249737706844554
1 0.6250967253597828 0.6699604376520462 0.31054486364988404 0.1455226200205253
0 0.8597886962337601 0.925687221124121 0.1913491946765234 0.1338942527304745
1 0.6140625 0.1438676537871879 0.771875 0.2877353075743758
1 0.502018664104807 0.7753888019170351 0.9587064269192072 0.4492223961659299
3 0.24755931577796214 0.7057585997288536 0.09425401878308026 0.08958974082661797
0 0.7944330212917192 0.49158947707604944 0.04971083992388792 0.03153180113146821
0 0.7420905657779622 0.7028815010801545 0.04971083992388792 0.03153180113146803
3 0.5364150024714579 0.010268837726800973 0.07595500494291585 0.020537675453601946