2 0.8435083833943153 0.4101751732877075 0.05198067067154497 0.03833906203449331
0 0.8350231740531339 0.3527265463232368 0.07242044000636341 0.050222631926869446
0 0.8378407334102237 0.5276901590196839 0.05196248933799978 0.03677656203449331
3 0.6605237080680878 0.47106993962264576 0.03477498933799979 0.035976041356328994
3 0.6315929227800402 0.8061919563718687 0.0631727093411815 0.06072348428423417
1 0.7326810660804963 0.5591649449993292 0.27494655068427176 0.1424230562435252
0 0.9520467683799978 0.6801537253974034 0.09590646324000432 0.07809507485477489
1 0.7048822353994061 0.4541521133201288 0.34858404535327187 0.16303096277750026
1 0.6966322887094071 0.7403807117485522 0.6067354225811858 0.31453792059260194
3 0.6106322487269062 0.4155498397464803 0.03633748933799978 0.03604881596343468
1 0.6736680507240428 0.39150871815869304 0.4176431280235443 0.19279554549015804