1 0.16640625 0.46640625 0.20390625 0.73203125
0 0.43046875 0.1640625 0.02578125 0.07890625
2 0.4046875 0.1671875 0.0421875 0.09375
0 0.296875 0.21875 0.0328125 0.06328125
0 0.63125 0.17421875 0.0328125 0.05859375
0 0.1921875 0.16875 0.04453125 0.084375
3 0.41015625 0.48984375 0.040625 0.0515625
0 0.14609375 0.15625 0.06328125 0.115625
1 0.296875 0.36796875 0.09140625 0.36484375
3 0.10390625 0.57109375 0.06015625 0.06015625
3 0.62421875 0.41640625 0.02734375 0.03671875
1 0.43046875 0.39296875 0.15078125 0.553125
1 0.63828125 0.3328125 0.09453125 0.38203125