0 0.61875 0.2833333333333333 0.05 0.09166666666666666
2 0.1578125 0.4 0.1015625 0.38333333333333336
2 0.053125 0.4361111111111111 0.1046875 0.48333333333333334
2 0.4296875 0.4388888888888889 0.11875 0.4111111111111111
2 0.271875 0.4777777777777778 0.1421875 0.5305555555555556
2 0.6 0.5111111111111111 0.1515625 0.5611111111111111
1 0.0125 0.4888888888888889 0.025 0.041666666666666664
0 0.0453125 0.24166666666666667 0.0453125 0.08333333333333333
0 0.1609375 0.24444444444444444 0.034375 0.06388888888888888
1 0.128125 0.5055555555555555 0.028125 0.03333333333333333
1 0.4203125 0.5138888888888888 0.03125 0.03611111111111111
1 0.240625 0.5555555555555556 0.040625 0.04722222222222222
1 0.56875 0.6 0.04375 0.05
0 0.4421875 0.26666666666666666 0.034375 0.06111111111111111
3 0.271875 0.25 0.0375 0.075