0 0.3419288068204286 0.33824076372354656 0.04747501785690744 0.03573892319868044
3 0.49997749148187864 0.6875457449189281 0.05243525324641087 0.05150031551854859
3 0.4973627804421044 0.5686593525990601 0.03968979139585791 0.03707410266556703
2 0.11793478450258954 0.8562081990629279 0.11542617694751703 0.08144387978345584
0 0.1826654862068729 0.8197909774344578 0.07592730032431154 0.05530727711788863
3 0.5034605961876915 0.3984377808123054 0.030178423701106107 0.02898881802583091
1 0.43349910349458753 0.6449657883341529 0.5324887662320543 0.2653668680384662
1 0.505097008524712 0.3046877808123054 0.3922807775961402 0.1956955625490476
1 0.43857416152953677 0.5333379665473982 0.35927736282348766 0.18380331630997127
1 0.43410920942151165 0.8664888180258309 0.7843785486994586 0.26702236394833817
1 0.4514850389635211 0.37582098324044555 0.29000916558343126 0.15211539561857332
0 0.2266411773578494 0.5842315621533362 0.08384889448011287 0.06178459765100204
0 0.30252361323382015 0.4910786072179135 0.0648807061685102 0.04873902837152997
0 0.3534623705374208 0.259630030416594 0.06644320616851021 0.0487844924781526
3 0.6084714245151803 0.3381798939027137 0.04281479139585791 0.03716503087881238