1 0.16875 0.6944444444444444 0.0390625 0.05
0 0.3234375 0.3416666666666667 0.0359375 0.06388888888888888
2 0.328125 0.5166666666666667 0.096875 0.425
2 0.4765625 0.55 0.115625 0.4388888888888889
2 0.196875 0.5388888888888889 0.1546875 0.5388888888888889
1 0.5890625 0.5527777777777778 0.0234375 0.027777777777777776
1 0.3140625 0.6083333333333333 0.03125 0.041666666666666664
1 0.46875 0.6194444444444445 0.034375 0.041666666666666664
0 0.5921875 0.38055555555555554 0.025 0.04722222222222222
0 0.478125 0.375 0.0375 0.06944444444444445
0 0.4484375 0.3638888888888889 0.0296875 0.05555555555555555
0 0.1953125 0.31666666666666665 0.046875 0.08333333333333333
2 0.59375 0.5083333333333333 0.084375 0.3111111111111111