3 0.46630431527481997 0.6781448479184066 0.04718407220870695 0.055581614653892684
3 0.252500369627742 0.5771235012431954 0.03777271077238851 0.048840291723114146
3 0.11432872481754455 0.7229605444366476 0.07862496974937896 0.09003185775648745
3 0.02776399004105091 0.6106442509045111 0.04876475292686624 0.058788501809022266
1 0.28329585167376115 0.5006362443457905 0.13841916802873566 0.43368668249628844
0 0.10372093940056208 0.24208235866099875 0.07418290944452863 0.13197369629109834
0 0.2908669362773041 0.3253053736990041 0.044140885440423536 0.06948034034363308
1 0.47833161660267987 0.5975499451594446 0.18576686670087578 0.5173932971501809
1 0.07710493900777862 0.49998338986866325 0.15239180619963372 0.6874667797373265
0 0.20668685811666876 0.22014316089956237 0.11037493949875794 0.17760710085908266
1 0.17970776424154772 0.549878248529662 0.32056106498023246 0.8649787053362099
0 0.5053248668972674 0.4044926639517801 0.056786331185697494 0.09513543758467105