0 0.1696550270928144 0.8907937870434643 0.058690103390822125 0.08912268415851443
1 0.12833447601657588 0.6906264580477995 0.14602755334804093 0.3918374314570917
1 0.06514311724907025 0.7091104185146735 0.12222187220695976 0.3156543630553575
1 0.21638028556986982 0.6738114133941759 0.21573223945152079 0.5501651419239655
3 0.08934690467645767 0.6578363448512676 0.02318494292790545 0.02939907366340595
0 0.4754876501283437 0.865189758386618 0.0471704065339754 0.07598564732681154
1 0.5049119385891885 0.7185576820923762 0.16917395491961748 0.3869525103821694
3 0.1558815872652809 0.63448287386105 0.032778266749222996 0.03463260523343692
0 0.10852062800243722 0.8483857501411745 0.04026543507002258 0.06155912628012459
0 0.05154503598415457 0.8337841948230327 0.03379711124870501 0.05650760523343692
3 0.250070388960692 0.5861448134224109 0.04429796360606986 0.047769642065139804