2 0.1515625 0.5277777777777778 0.1203125 0.5277777777777778
0 0.159375 0.3111111111111111 0.05 0.08888888888888889
2 0.29375 0.5222222222222223 0.125 0.46944444444444444
0 0.3015625 0.3277777777777778 0.0390625 0.06111111111111111
0 0.221875 0.3472222222222222 0.0296875 0.05277777777777778
0 0.0453125 0.3194444444444444 0.028125 0.05555555555555555
0 0.0171875 0.30833333333333335 0.0328125 0.05277777777777778
2 0.2234375 0.4861111111111111 0.059375 0.33611111111111114
1 0.275 0.6111111111111112 0.0359375 0.041666666666666664
1 0.0140625 0.5555555555555556 0.0265625 0.03611111111111111
1 0.14375 0.6055555555555555 0.0390625 0.04722222222222222
2 0.0453125 0.48333333333333334 0.090625 0.4083333333333333