3 0.7881069705349459 0.4144104988626382 0.039298849336070064 0.04153418977951393
3 0.6723956121236896 0.43194545060999945 0.04561248184962743 0.05261716014423605
1 0.5746580697728201 0.3139241088543745 0.24493278844204447 0.4775119766329864
0 0.6429182321442151 0.12798530243361056 0.05040906615858276 0.07147626291777782
2 0.4449261597391162 0.06184211730684012 0.10702268052176755 0.12368423461368024
0 0.6030063044511179 0.14063142600871475 0.06461701190385653 0.09680357123840282
3 0.5172313891528567 0.3832202759324648 0.042451120413308986 0.04629442496187508
1 0.3386791422761147 0.46754986949104166 0.4820167154477707 0.9350997389820833
0 0.8565580304470128 0.1956591924418743 0.0535522468767418 0.07467399810013893
3 0.25710643452878823 0.5181635460684373 0.09899201190385672 0.09760365824437507
1 0.7119035397185909 0.3544737608304855 0.226291872751 0.4958255655388196
0 0.7614636990649236 0.16037761550388824 0.06147383118569749 0.09360583605604171
1 0.8142245638208918 0.355997933608159 0.18833735479701907 0.4168277433504862