1 0.20078125 0.565625 0.11640625 0.50546875
1 0.65625 0.54296875 0.0765625 0.31796875
1 0.50703125 0.5515625 0.1109375 0.359375
1 0.7984375 0.51796875 0.08125 0.28828125
0 0.19453125 0.35625 0.04453125 0.07890625
2 0.79140625 0.45546875 0.01953125 0.04296875
0 0.796875 0.4046875 0.0234375 0.0515625
0 0.65078125 0.41015625 0.02890625 0.0515625
0 0.51875 0.40390625 0.0328125 0.05625
3 0.51328125 0.61171875 0.028125 0.034375
3 0.653125 0.59296875 0.025 0.03125
3 0.184375 0.64453125 0.0375 0.03984375