3 0.5180097841433005 0.5455027235957635 0.026146005931499162 0.028706881458888844
0 0.6229559052075584 0.7221359991469787 0.030162343878220456 0.05065461664125
0 0.4911156561961416 0.7298965606017357 0.03328734387822045 0.05072735182361114
2 0.49534289977035095 0.6993005240326038 0.0331600098858317 0.047602351823611146
0 0.24923456231792102 0.6854789858479512 0.028217841901054187 0.04124324905006951
0 0.2602821502646425 0.7071175965052776 0.02184050790866543 0.03797277868534721
1 0.26810262604435475 0.5919829057758331 0.11270422433401847 0.2758013934267362
3 0.27762486467564823 0.537803898841979 0.02458350593149907 0.028670513867708358
1 0.8403981776234636 0.459504140105173 0.3192036447530729 0.757309885827292
1 0.6359413834587285 0.6186109556439925 0.12494955634924096 0.26984233415618064
1 0.5110859634967847 0.6058771791428468 0.1124150642579064 0.30701502583555573
1 0.4633886097327323 0.5100204716959025 0.16613692494204085 0.4378299211621529
0 0.8434885811010012 0.7607945363817007 0.08965936068413435 0.13165134992375
2 0.45444864433314347 0.674446647607708 0.04999468281352524 0.07765352773541671
3 0.9352424106075847 0.344985738794652 0.07174234882113631 0.0750376740119445