3 0.7109375 0.4015625 0.02890625 0.03046875
3 0.61171875 0.440625 0.0328125 0.03984375
1 0.49765625 0.3546875 0.125 0.41328125
0 0.51640625 0.1765625 0.03203125 0.05859375
2 0.321875 0.14375 0.06953125 0.12578125
0 0.48359375 0.19609375 0.0390625 0.08046875
3 0.4625 0.428125 0.03203125 0.03359375
1 0.31640625 0.51328125 0.2328125 0.86875
0 0.72265625 0.19296875 0.03515625 0.06015625
3 0.26015625 0.59921875 0.075 0.07109375
1 0.6296875 0.36328125 0.10078125 0.43828125
0 0.62890625 0.18125 0.03828125 0.0765625
1 0.72109375 0.34453125 0.08203125 0.36875