0 0.96640625 0.38125 0.02890625 0.05546875
0 0.08984375 0.1515625 0.10859375 0.196875
0 0.509375 0.278125 0.05625 0.10546875
3 0.81875 0.58671875 0.02890625 0.03203125
2 0.834375 0.359375 0.02578125 0.04609375
0 0.28671875 0.29296875 0.046875 0.0890625
3 0.98359375 0.759375 0.03125 0.06171875
3 0.4515625 0.64375 0.04921875 0.053125
3 0.95 0.578125 0.02578125 0.03203125
1 0.253125 0.478125 0.13359375 0.47109375
1 0.9546875 0.63203125 0.0890625 0.71328125
1 0.13515625 0.5234375 0.26953125 0.94609375
1 0.5140625 0.5375 0.18828125 0.64140625
1 0.83203125 0.5125 0.0828125 0.35859375