1 0.7429464134321784 0.09197831349299804 0.09223217313564333 0.18395662698599607
1 0.22817704138499426 0.2977949449642071 0.2061806335647475 0.59051712613895
1 0.6435242775899962 0.190931023959872 0.15670144482000764 0.381862047919744
0 0.22550594228811888 0.06171323179591004 0.06448414065150561 0.1051117052052021
1 0.5871577157017638 0.1488723265765905 0.10046631378714892 0.297744653153181
0 0.4110714200556004 0.04634198439145237 0.06922620435383653 0.09268396878290475
0 0.6261706303998866 0.015570855551079243 0.04604167549789597 0.031141711102158486
3 0.35360110500250713 0.6132694845679203 0.08770338584218215 0.10022678413027979
3 0.205300047375444 0.37241551336594114 0.05034722958157991 0.0575086631118273
0 0.587135412251052 0.01301078579863366 0.033105165879249124 0.02602157159726732
3 0.7425272619808996 0.10332898229002022 0.02107639183263199 0.023058068401734032
2 0.3395411604369535 0.06205762514117434 0.09520835099579195 0.12411525028234868
3 0.6272519476455966 0.23400910586872153 0.035684528855940555 0.039502115756780753
3 0.5818774494596951 0.193770513718877 0.029270837748947898 0.03445059471009326
1 0.39219735744957784 0.46288786589795505 0.3937302851008443 0.9257757317959101