0 0.5918919867978818 0.2302662292168245 0.026018292553055565 0.044477425705962935
2 0.5341885895714235 0.22726090116186368 0.026236498100139016 0.053852425705962936
1 0.35100849439732607 0.4496313093168493 0.2193085780753478 0.7012228338609484
1 0.7256104105254858 0.3551943698873399 0.0896859747331252 0.29772209765100205
1 0.589891116072569 0.34977474716351314 0.07242573955076423 0.2940969924781527
0 0.3364790946054165 0.16821382475625551 0.06679006933854179 0.11905152837152992
1 0.4581689905976038 0.3403352141731297 0.07802112290951406 0.2661538489046434
1 0.5246836901607635 0.36728650758835435 0.09233950246854192 0.34464256175762475
0 0.7245772002287498 0.23187053015389658 0.02761716014423623 0.046085389812585566
3 0.5211761772429858 0.41735470374828837 0.025581881458888844 0.02572742570596276
3 0.3054037472471176 0.5305918043022844 0.05447060087368065 0.05935827962517113
3 0.7173965606017358 0.43975122631383057 0.022565984232430482 0.030323997492717504
0 0.460660170593472 0.23330396417312968 0.024528527735416715 0.04755696159934022
3 0.577117705928333 0.3954282279631832 0.022456881458888845 0.025636497492717503