2 0.51171875 0.4171875 0.028125 0.05390625
0 0.36484375 0.41953125 0.028125 0.0515625
3 0.1015625 0.61015625 0.02578125 0.02890625
1 0.35625 0.55625 0.07109375 0.3296875
0 0.84453125 0.32265625 0.07265625 0.13671875
1 0.09765625 0.54921875 0.06953125 0.346875
1 0.16953125 0.6546875 0.1796875 0.61875
1 0.8484375 0.61953125 0.24921875 0.7421875
0 0.1875 0.39375 0.0515625 0.0890625
3 0.11953125 0.73671875 0.05 0.0578125
1 0.5140625 0.56953125 0.10078125 0.36796875
0 0.096875 0.40546875 0.03125 0.05625
3 0.79296875 0.86953125 0.06328125 0.0640625
3 0.4984375 0.6265625 0.02578125 0.0296875