0 0.4293141320275698 0.4007725179920773 0.05076371941479181 0.035141287427387445
1 0.5031965348567022 0.85329389640429 0.5347425951740974 0.24185809180888568
1 0.5398522417349657 0.4120481581911143 0.285430966565 0.12567220388616018
1 0.5655458388089241 0.5750918136916324 0.49357208130638897 0.21652845202413323
0 0.3749201855985421 0.550340178454994 0.0856478656913195 0.05861732878371626
0 0.3695793753780561 0.5896937768834174 0.06344555737069442 0.04353598428423435
0 0.3587496717308338 0.5276304245260526 0.04763871941479172 0.03499573821317572
1 0.5338243665443408 0.6234950804408553 0.439137848023889 0.15780411538253425
3 0.6043914396826047 0.6311577231210918 0.034956881458888846 0.026601041356328813
0 0.299344183033091 0.8315045953280515 0.09048083605604171 0.06508565260503367
3 0.590824474636216 0.888317405709915 0.051018292553055566 0.04607878742738762
3 0.6576976244281255 0.6028657491759397 0.05101829255305575 0.04607878742738745
3 0.5877630648732295 0.4207660326743857 0.031868249050069505 0.028017992142117264