0 0.1671875 0.35 0.078125 0.14166666666666666
1 0.5703125 0.6055555555555555 0.021875 0.025
1 0.4046875 0.7055555555555556 0.0359375 0.041666666666666664
1 0.5125 0.6583333333333333 0.0296875 0.030555555555555555
1 0.1328125 0.875 0.0640625 0.06944444444444445
2 0.171875 0.6333333333333333 0.23125 0.7138888888888889
2 0.4171875 0.6111111111111112 0.1125 0.5194444444444445
2 0.51875 0.5944444444444444 0.0984375 0.4
2 0.584375 0.5583333333333333 0.0703125 0.29444444444444445
0 0.5109375 0.4305555555555556 0.034375 0.06111111111111111
0 0.4078125 0.4 0.04375 0.08333333333333333
3 0.140625 0.45555555555555555 0.08125 0.1361111111111111
0 0.575 0.4305555555555556 0.0234375 0.044444444444444446
0 0.484375 0.4388888888888889 0.01875 0.03888888888888889