2 0.3728953516520521 0.5125330786123661 0.06767217887824391 0.03982611600890866
0 0.2710617774780782 0.7721540739576838 0.069480340343633 0.04453179734245403
3 0.5047993696307336 0.6773030085932761 0.03272396879233561 0.02848862667090888
3 0.4968529935568803 0.8140308492600488 0.04719590456798421 0.036464758672817864
3 0.5032590445522485 0.9599609672581397 0.05089411465389251 0.047438621339908595
1 0.48947202001484635 0.5377228879296851 0.33393898801421235 0.11475558004454349
0 0.31654909712949636 0.6342086312858204 0.051637743102595036 0.03183180267345413
2 0.38544293928215173 0.5412756966104572 0.06923467887824372 0.039844297342454205
1 0.44262359622498526 0.6569456026018666 0.3280984237898611 0.12249535471036169
1 0.4072372156285762 0.9150126412715028 0.5942899898232346 0.16619300007954188
1 0.42448002657356704 0.7945728719366847 0.4058073439616777 0.14526124005408841
0 0.17068223993883563 0.9146421133036376 0.10163109905006032 0.062082924013363086