3 0.8284907805496079 0.578125 0.04189799498543536 0.04375
1 0.7216988744396864 0.4625 0.12999635471063103 0.3328125
1 0.522252803906573 0.4703125 0.1644000984424249 0.3875
1 0.7771161486545812 0.51796875 0.18687815518548465 0.515625
0 0.8543248209953319 0.3078125 0.053744777117888984 0.075
1 0.8369685217741193 0.5015625 0.15421876788018168 0.4671875
3 0.5093687075092121 0.5640625 0.033949102665567034 0.0390625
0 0.5477793043022844 0.31796875 0.042579956584775404 0.0671875
0 0.7576173055559255 0.32890625 0.032704851411925875 0.05
3 0.7810020151102017 0.59921875 0.03868206677218957 0.040625
0 0.812532126089039 0.32109375 0.055580061757624935 0.084375