1 0.49375 0.5222222222222223 0.0234375 0.025
2 0.51875 0.46944444444444444 0.0953125 0.35
2 0.8375 0.5 0.1234375 0.4444444444444444
1 0.821875 0.5805555555555556 0.0328125 0.03611111111111111
0 0.8359375 0.3111111111111111 0.0375 0.06666666666666667
0 0.7984375 0.3388888888888889 0.0234375 0.041666666666666664
0 0.515625 0.325 0.03125 0.05
2 0.9625 0.475 0.075 0.38055555555555554
1 0.778125 0.5083333333333333 0.0203125 0.025
0 0.9625 0.325 0.0328125 0.058333333333333334
2 0.784375 0.4666666666666667 0.0453125 0.3
2 0.221875 0.475 0.1140625 0.325
3 0.23125 0.3416666666666667 0.025 0.05