1 0.259375 0.6527777777777778 0.0796875 0.07222222222222222
0 0.34375 0.09722222222222222 0.0875 0.1388888888888889
1 0.815625 0.38333333333333336 0.0234375 0.030555555555555555
2 0.315625 0.49166666666666664 0.24375 0.9194444444444444
2 0.834375 0.33611111111111114 0.0875 0.2972222222222222
2 0.165625 0.36666666666666664 0.125 0.39444444444444443
2 0.5203125 0.3194444444444444 0.075 0.2777777777777778
0 0.5234375 0.20833333333333334 0.0234375 0.05
0 0.171875 0.20555555555555555 0.0328125 0.06666666666666667
0 0.8234375 0.21388888888888888 0.0234375 0.04722222222222222
0 0.85 0.2111111111111111 0.0234375 0.044444444444444446
0 0.5359375 0.20555555555555555 0.015625 0.044444444444444446