0 0.2694177832590943 0.5548994148189033 0.055087489337999784 0.03596624373179384
1 0.3787029712762754 0.4314739381758682 0.26538973734881754 0.1217459340192331
1 0.4365132819064589 0.7019970383341528 0.2999283693507264 0.13680864436493217
3 0.47971838924254956 0.6829348012662765 0.02843408267027243 0.027380853919208192
3 0.5213717292727755 0.4614151539318435 0.05056362133990877 0.04989235141192587
0 0.3736843758752785 0.9299341702291795 0.04881930800445433 0.0342218873053028
1 0.4709353772676848 0.4974603025199178 0.5213862933640895 0.24165658339873022
0 0.31515590257004994 0.721129820070895 0.040952264003817976 0.02930706677218975
1 0.4856213018778238 0.9144348538527012 0.2810874626829992 0.12845057508545993
0 0.26271379726291233 0.5265698263391011 0.08188634667409059 0.0570516335443795
0 0.1801136666534097 0.10293008636823102 0.08501134667409058 0.05714256175762476
0 0.27529616060632095 0.45269205713877125 0.04565794533736352 0.031005959092057722
3 0.5163082278803691 0.8965714039318435 0.025254538669636162 0.02260242570596276
1 0.36462338462763816 0.2982067971096414 0.24373291335136277 0.1398594365265156
1 0.33896195532304596 0.08566969319043315 0.4189510893539081 0.16370141646825587
0 0.27607850529122924 0.3182943250854599 0.04565794533736343 0.031005959092057722