1 0.1906150763162026 0.4687367070338129 0.3812301526324052 0.8468484140676258
3 0.08350934901205734 0.5659207717488298 0.08241568511654278 0.081372016805914
0 0.46249004319909276 0.2879774328507062 0.03801092068857255 0.060839340912470966
0 0.32740820426901845 0.23553157068369696 0.041190484390903406 0.0625291749048598
1 0.4872221699707824 0.40868652228030244 0.1265178930985762 0.27196252471457943
1 0.8856720497376968 0.5813944407965527 0.20639390997361745 0.45932987353571575
0 0.2515575215995464 0.14481638737588018 0.1083085517214313 0.15263952174882983
1 0.4288466747801058 0.40004900992301273 0.1464137308475244 0.3055390286689121
1 0.09455600953382884 0.3167975222431214 0.1783383426430894 0.3708112015966055
0 0.9387673118034143 0.4051794506823844 0.054072430307219574 0.07397601087441483
3 0.8805455509188231 0.6609864403022611 0.04371528366526398 0.045469008897248565
1 0.299414635124392 0.3650453157407811 0.1616766322988031 0.34048703163466154
0 0.13816465499465788 0.2106085306460784 0.04108135698624164 0.05940417490485981
0 0.5158506561757842 0.3057989442194128 0.029761911069925696 0.04802100593149898
0 0.16113092904127502 0.18024986859279987 0.04269842068857255 0.061030341901054184
0 0.43729907024093484 0.29242751091159597 0.031215283665263983 0.04495967292769345