2 0.490625 0.43333333333333335 0.084375 0.36666666666666664
2 0.6078125 0.45 0.1125 0.36944444444444446
2 0.3171875 0.39166666666666666 0.084375 0.325
0 0.596875 0.29444444444444445 0.034375 0.05555555555555555
1 0.3 0.4444444444444444 0.0234375 0.025
0 0.49375 0.2833333333333333 0.034375 0.058333333333333334
0 0.290625 0.2611111111111111 0.021875 0.041666666666666664
3 0.3171875 0.25833333333333336 0.028125 0.058333333333333334
2 0.2734375 0.36666666666666664 0.0453125 0.2611111111111111
1 0.5984375 0.5222222222222223 0.0265625 0.03333333333333333
1 0.475 0.5055555555555555 0.0265625 0.03333333333333333