1 0.3484375 0.884357245776858 0.275 0.07518918276559176
1 0.36171875 0.07302494068315067 0.340625 0.11928617524374448
0 0.23515625 0.8646548480467136 0.0375 0.019841138558944493
0 0.22109375 0.07752692108710937 0.05625 0.02976170783841652
0 0.2359375 0.8842088301000249 0.040625 0.024619566772189926
2 0.21953125 0.6087314569804867 0.0390625 0.023011602665566854
1 0.3390625 0.24736571113712183 0.23125 0.10360368778015679
0 0.24375 0.25162365063313824 0.04375 0.023147994985435006
3 0.38671875 0.5995336163891135 0.025 0.02260242570596276
3 0.38359375 0.8728801881758681 0.021875 0.019386497492717324
1 0.33671875 0.6074537649771878 0.290625 0.08033132383181858