3 0.6439980920949353 0.56640625 0.05018353847458741 0.05
2 0.7715129345683887 0.28046875 0.04140873920022674 0.0671875
1 0.238673185834333 0.52578125 0.15975203375008196 0.36875
1 0.8151687092479779 0.434375 0.20788199890369158 0.4046875
1 0.607266929210911 0.4765625 0.25514392322046114 0.55
3 0.07059036314632747 0.634375 0.0340674651536097 0.0359375
0 0.20536463411290168 0.37734375 0.04108135698624169 0.0578125
0 0.5491741430985764 0.2671875 0.060868067330527964 0.0875
0 0.026188054801474202 0.43671875 0.024221239200226806 0.0671875
3 0.2768477976298981 0.58984375 0.030887901451278843 0.034375
1 0.07409481986241664 0.578125 0.12058040634542026 0.365625
0 0.5871007290334258 0.25703125 0.06097719473518968 0.090625