0 0.3205223471222767 0.8749989661516867 0.09699467194503919 0.060585810503983595
2 0.31805159883813633 0.5486410546314888 0.0811878155185485 0.05388116943775678
3 0.6340021739235963 0.8372849836361571 0.05140938730530316 0.049892351411925516
3 0.5589135942192828 0.7515771526782024 0.043233174452321776 0.03716503087881229
2 0.3300481113080417 0.9072802687381115 0.08279577962517112 0.055489133544379496
0 0.3314478237653117 0.7675956431112908 0.07011392319868044 0.04887542069139812
1 0.5366414406166437 0.8445997269722394 0.5662855442066477 0.2537761501709198
1 0.48901863136630136 0.7370539999334931 0.4064271594086268 0.17887177540202898
1 0.4899459485342025 0.9253374580362722 0.401148626022532 0.14932508392745553
0 0.33511369602692004 0.9472376790046682 0.07640938730530315 0.05061977711788899
3 0.5586732164808911 0.931105528305023 0.03850021034569906 0.035466138558944496
1 0.4611651013454187 0.5309487524407756 0.3901201978092867 0.15497963433580217