1 0.5033231682154521 0.8420291272676849 0.31439111474138903 0.08488626670908879
1 0.5794258476426394 0.5527842665897763 0.7165368026210418 0.18172818809672292
0 0.37361748441986176 0.8427569279519567 0.04905574905006951 0.027126121339908594
0 0.36265134925815995 0.3044574966184113 0.05686824905006951 0.027217028007636035
0 0.3805863445085073 0.4370972739497295 0.04422277868534721 0.020821577339272323
1 0.5332859318957291 0.05202448197804647 0.4196968637914583 0.10404896395609294
2 0.36549836664125 0.026252322644819186 0.08724673328250007 0.05250464528963837
3 0.5585737126683687 0.8320086899268215 0.030269381458888845 0.025345445337363513
3 0.6741928337749311 0.5282377052435041 0.05748649810013902 0.05377952800763595
1 0.4788783741437851 0.42970184993636656 0.2483297036472223 0.06537265070018031
1 0.491430312689028 0.2974887866009121 0.32078658510611113 0.09120899204327078
0 0.27839002450437544 0.5453466732972744 0.10461607123840277 0.06526246801399935