0 0.7375 0.24722222222222223 0.0546875 0.10277777777777777
2 0.9171875 0.49166666666666664 0.103125 0.36944444444444446
2 0.74375 0.5194444444444445 0.1640625 0.65
0 0.2265625 0.33611111111111114 0.0328125 0.06388888888888888
3 0.6046875 0.29444444444444445 0.040625 0.07777777777777778
1 0.8828125 0.5416666666666666 0.025 0.030555555555555555
0 0.925 0.3388888888888889 0.0359375 0.058333333333333334
1 0.5921875 0.5722222222222222 0.0359375 0.03888888888888889
1 0.7328125 0.625 0.046875 0.05
2 0.2171875 0.49444444444444446 0.1234375 0.3861111111111111
2 0.6125 0.49444444444444446 0.1203125 0.48055555555555557