1 0.34553149919251636 0.6099171559516385 0.46314665665497756 0.13192599339590635
3 0.4192901477298191 0.3669205866088663 0.041225017856907444 0.0348477146721816
0 0.1850286014659926 0.7211375613065012 0.14042617694751697 0.07974313868554468
0 0.15329300081407418 0.3465830039783646 0.08193183847375848 0.04000792934436319
2 0.15566047565356605 0.6136886879774102 0.07261138555165916 0.04302384134309047
3 0.6550723202164045 0.7758121392425495 0.08094208279171564 0.07280224801081765
0 0.24100982021640452 0.7806301926320925 0.13401253571381497 0.07029541335136287
0 0.1542110239492827 0.6519790286441829 0.05358865016215577 0.027180665340545217
1 0.5244592942418221 0.6960984619271396 0.8375853693163096 0.2831281507797222
1 0.3424645949698755 0.3381330626193658 0.46939665665497754 0.131998718730088
0 0.13448926461708716 0.9763614106460918 0.09119774431795716 0.03386701734563573
1 0.34675348539609396 0.9426478399506841 0.5252921006486231 0.11234074673772412