0 0.5625 0.19722222222222222 0.0390625 0.06666666666666667
0 0.79375 0.20555555555555555 0.0265625 0.05
1 0.790625 0.3861111111111111 0.0234375 0.027777777777777776
3 0.43125 0.2111111111111111 0.021875 0.041666666666666664
2 0.4234375 0.3333333333333333 0.078125 0.2916666666666667
3 0.7015625 0.20277777777777778 0.0375 0.06944444444444445
2 0.7921875 0.33055555555555555 0.0640625 0.30277777777777776
2 0.5671875 0.36666666666666664 0.1171875 0.4222222222222222
0 0.7 0.20277777777777778 0.0390625 0.06944444444444445
2 0.7015625 0.39444444444444443 0.115625 0.4583333333333333
1 0.546875 0.49722222222222223 0.034375 0.044444444444444446
1 0.684375 0.44722222222222224 0.0390625 0.041666666666666664