0 0.8956417382550104 0.4397724522951262 0.040608279625170954 0.05426160266556703
1 0.2722186101209074 0.44895329169936515 0.1459396034569898 0.3477053772761732
1 0.8820004385715796 0.5611473471222767 0.1386439290046681 0.31158602084968245
0 0.7433685329238765 0.35728289805934876 0.05879598997087001 0.08913670783841657
3 0.8622706117702601 0.6074085816828705 0.024210389812585477 0.02724446159934022
1 0.7173385449980703 0.5626008838735839 0.21661111929210755 0.5230523697543259
1 0.37707124617256926 0.511328922736462 0.3197768863808664 0.6884166084715547
3 0.30128764766363736 0.5895244674053279 0.05489810015828454 0.062483279625171126
2 0.4128877595669114 0.2399456677218971 0.07501202335696497 0.10990384890464329
0 0.30900189311129084 0.3181041084715548 0.039136707838416565 0.057341138558944314
3 0.696015125956025 0.6345751722742436 0.04506845909205772 0.046585494985435