1 0.7632005521226084 0.5053282622829276 0.14652347340929203 0.29434686068413457
1 0.27460078370675683 0.5197554485936748 0.43896420449933043 0.8191054160447923
1 0.5544926810335686 0.5522045567691704 0.17874371018452528 0.36580536661563345
1 0.6195184415569124 0.5526873764271032 0.1374214891943076 0.298652358706968
1 0.5069953257295444 0.597210650647391 0.11484926820408994 0.23226335475263546
3 0.1917358048240314 0.4550018819014917 0.07945925782192056 0.07961851581733086
0 0.7964974414863251 0.619870923347623 0.037196163111827475 0.04983817391627667
0 0.6536875861823009 0.6687607039937014 0.037196163111827295 0.04983817391627667
3 0.5344385152909054 0.5036861437273087 0.03472361049510884 0.03414950692008212
3 0.7367752890390158 0.428094600229649 0.030036110495108837 0.03395850593149916
3 0.5944050494917723 0.5114230478719219 0.02507559471009326 0.02908000494291585
2 0.6018821624765428 0.6935816318643107 0.042247684158514785 0.056279174904859806
0 0.537872870383168 0.6836601452101835 0.032144642065139804 0.043397172927693364
0 0.340230572886947 0.826407355209746 0.1128779735504664 0.14489068874502423