3 0.571875 0.47606444877748916 0.028125 0.02647396879233561
1 0.5984375 0.5227690304146949 0.1265625 0.3425703595655099
1 0.84765625 0.4639550316578904 0.196875 0.5165677815463487
0 0.86953125 0.674476451829707 0.0484375 0.07910100180902227
3 0.81875 0.37572136928799 0.0421875 0.049085953188503326
0 0.9953125 0.6435683678176519 0.009375 0.06455382293077853
1 0.953125 0.47729491462914864 0.09375 0.41897572930778504
0 0.61328125 0.6641719583884276 0.034375 0.05336401741285464
0 0.82578125 0.6424961114860739 0.034375 0.05336401741285464
1 0.79375 0.521286174805914 0.0953125 0.35499511646291493
3 0.78125 0.45578732756487594 0.025 0.0325601944820761