3 0.5669420718070837 0.4723218624602782 0.031868249050069505 0.027289851823611145
3 0.6049181165443408 0.6613850156706602 0.03350348423243066 0.030451219414791807
1 0.5407660039871534 0.7231388268410768 0.3168264369297223 0.12605988582729194
0 0.41900206639184095 0.8257163533422226 0.08884560087368065 0.05984908510611113
0 0.41473083405927147 0.7428493019554517 0.04923758700597229 0.03550239532659738
0 0.3954346669811811 0.6853998246568753 0.05872168977951393 0.04040810087368065
1 0.6140229724520145 0.7841867360353825 0.512976697947639 0.23369446713368108
1 0.5140534611497574 0.4812416143601393 0.31562761284152785 0.14164851823611144
1 0.5385664179311116 0.6621831430454865 0.35799695079743066 0.1504429431979865
0 0.3918154384483338 0.4963555084524656 0.05864895459715287 0.037283100873680655
3 0.6814104942035076 0.7943442924561464 0.051054660144236055 0.046476262917777865
3 0.5954898715783339 0.7259741925323964 0.03506598423243066 0.030487587005972296