0 0.3969571379073528 0.6689953280980708 0.044797846843970035 0.06578150889724857
1 0.0656275889724857 0.4238486768820261 0.11100907315515492 0.35082235376405213
3 0.7612186146756482 0.5738644891999473 0.029334672927693362 0.03083350593149916
0 0.5601720623179209 0.7123036122041903 0.036794345855386726 0.060775673916276675
0 0.5336413958160182 0.7120025232688857 0.0498036818249421 0.0737850098858317
0 0.1362305435348407 0.606114690227899 0.0581891847906915 0.08816584486680376
0 0.7510490717094612 0.7645385687437116 0.03960101087441501 0.05309050790866543
1 0.15738400745155484 0.436166946159398 0.23670409292681843 0.4495383794672147
1 0.4120171107213156 0.5409167490485979 0.17162823817418288 0.34549286661563344
1 0.5637069447137043 0.5502174476794538 0.2232490879839025 0.4255915434976597
1 0.7706373770329379 0.6327447406828218 0.1698110701894054 0.3391791996194392
3 0.5568746714819997 0.43996569718516226 0.04084517589344294 0.04534167490485981