0 0.740625 0.3333333333333333 0.0296875 0.05277777777777778
0 0.759375 0.33055555555555555 0.01875 0.05
3 0.915625 0.3861111111111111 0.0328125 0.044444444444444446
0 0.9078125 0.3388888888888889 0.0296875 0.05
1 0.73125 0.5611111111111111 0.025 0.030555555555555555
1 0.8859375 0.5388888888888889 0.021875 0.025
1 0.6328125 0.6027777777777777 0.046875 0.05277777777777778
0 0.653125 0.26666666666666666 0.0546875 0.09444444444444444
2 0.759375 0.4888888888888889 0.1 0.37222222222222223
2 0.65 0.5277777777777778 0.1515625 0.6305555555555555
2 0.90625 0.475 0.078125 0.325