3 0.49959249648395854 0.306731441091174 0.028261355386194252 0.024911468792335523
3 0.4967891624695907 0.09353207824630379 0.02668067466803503 0.021704581637205768
1 0.5202645865484505 0.5018016016520521 0.6793612888348282 0.24803902532631242
1 0.47243457796424365 0.2057797727283798 0.42109427088084705 0.15640264472990326
0 0.30213571350286306 0.21704922263752274 0.07524543969514967 0.0461180834462281
0 0.2367890112164856 0.5369766203081021 0.10822156615858278 0.075962713703953
2 0.3105254513044188 0.31585853686187404 0.0470568071815924 0.033706614653892505
1 0.4248323492378742 0.08323638738227238 0.2990283733401752 0.11720294662978259
0 0.3030118913923519 0.09899858548239301 0.05488748789975162 0.03724105042954131
3 0.5380686683233232 0.20390301221293025 0.04238748789975162 0.03658595318850326
3 0.6374339058302914 0.49253506501732075 0.05813975292686617 0.0592798247398008
1 0.4401538639704013 0.2989056529861046 0.31153746369925484 0.1194205438708206