0 0.628125 0.2671875 0.02265625 0.04140625
0 0.7203125 0.26171875 0.01796875 0.03125
3 0.71328125 0.39453125 0.0171875 0.0203125
3 0.6203125 0.403125 0.01796875 0.02109375
0 0.3875 0.26953125 0.02265625 0.0453125
0 0.228125 0.27421875 0.04765625 0.08359375
0 0.05 0.24453125 0.09921875 0.18203125
1 0.390625 0.38046875 0.07734375 0.26875
1 0.71875 0.35390625 0.05546875 0.221875
1 0.628125 0.36328125 0.06171875 0.23671875
1 0.11796875 0.57265625 0.2359375 0.8359375
1 0.23359375 0.4953125 0.15703125 0.5390625