0 0.42612016310304357 0.6070981687221338 0.062011918184115444 0.09131589067472685
0 0.531597273290458 0.581771999403224 0.04427884890464338 0.07236589600572714
0 0.32853210926297755 0.6083055853755435 0.04427884890464338 0.07236589600572696
1 0.29736336262818985 0.42284934337204366 0.15707098324044555 0.45948518268618094
3 0.3700099377801568 0.2354771600493159 0.05002874373179385 0.05525112133990877
3 0.28137699828414037 0.32972605203690736 0.03707410266556703 0.03948067067154515
1 0.5610310575344826 0.4391941480744511 0.10651339060400851 0.33237724267981755
0 0.5670346681176085 0.5650026700747693 0.037665136051661816 0.059793170671545326
1 0.512397329242095 0.405045867401315 0.16268448574772804 0.43768290802036275
3 0.49160144444407444 0.33451519139876973 0.035557066772189574 0.041024989337999786
1 0.3993601201500373 0.35843340205281576 0.23004914515635483 0.6055976613621804