1 0.5854174232831983 0.09501484961588721 0.6107321004953381 0.19002969923177443
1 0.5927184627775003 0.31665863975712155 0.6372218258882322 0.22823113636216022
0 0.33419952564056316 0.07959681026762236 0.09004711124870504 0.05927318068726613
0 0.3326521040099947 0.31540815750866036 0.10454625889134013 0.06938516508343388
1 0.5951972233214703 0.7229872048859839 0.703394789494302 0.27690100972248005
0 0.3172712764646235 0.7250221749215149 0.11875430810555195 0.0732471494796016
0 0.35008354487098553 0.15159796302658435 0.08194351282028159 0.05261374491161734
1 0.5649724141824611 0.5616745686353652 0.4923416654253156 0.16296690524535293
0 0.34095067906965737 0.813061085482393 0.1008390620344933 0.056721390773174465
0 0.3644950711307212 0.49464860018171414 0.07191354135632891 0.03805992198083885
0 0.36711495698653207 0.550898600181714 0.08492296360606985 0.0496525192218769
1 0.5169843703449329 0.48978960255656323 0.3909589478903042 0.1280386273170487
1 0.5443622377988909 0.16960989936805998 0.5100000463187275 0.14051205110690987
0 0.3840007040910479 0.661221946518241 0.08477741439185812 0.0465275192218769
1 0.5807430791934919 0.8498329879026707 0.6037158130679506 0.1781558932595651
0 0.34772506389201097 0.7735482061291794 0.0721318651776464 0.04274742198083885
3 0.6269928012811263 0.16136363014618313 0.04862159057054054 0.03995661465389255
3 0.7175943382942289 0.35788674807943605 0.06177656203449331 0.05467421189493056
3 0.6836387535146566 0.09965816825125258 0.05062073821317572 0.049413501809022306