0 0.00625 0.11527777777777778 0.0125 0.04722222222222222
2 0.5796875 0.33055555555555555 0.140625 0.6277777777777778
2 0.775 0.25555555555555554 0.0578125 0.24722222222222223
3 0.5734375 0.07222222222222222 0.046875 0.09166666666666666
2 0.70625 0.28055555555555556 0.0890625 0.3472222222222222
2 0.265625 0.2833333333333333 0.090625 0.33055555555555555
1 0.7 0.36666666666666664 0.028125 0.03333333333333333
0 0.7765625 0.15 0.0203125 0.03333333333333333
0 0.2625 0.1527777777777778 0.0328125 0.06111111111111111
1 0.7671875 0.2916666666666667 0.01875 0.022222222222222223
1 0.8875 0.3055555555555556 0.0171875 0.022222222222222223
0 0.7078125 0.14166666666666666 0.0296875 0.05555555555555555