3 0.775 0.34444444444444444 0.028125 0.05277777777777778
1 0.7796875 0.5416666666666666 0.0234375 0.025
0 0.45 0.3611111111111111 0.021875 0.041666666666666664
0 0.978125 0.3388888888888889 0.0390625 0.05555555555555555
2 0.5484375 0.5138888888888888 0.1703125 0.6472222222222223
2 0.953125 0.4888888888888889 0.09375 0.3611111111111111
2 0.78125 0.4722222222222222 0.078125 0.3111111111111111
2 0.4421875 0.4638888888888889 0.059375 0.24722222222222223
0 0.54375 0.24722222222222223 0.0609375 0.10833333333333334
1 0.5296875 0.6666666666666666 0.0453125 0.05555555555555555
1 0.9625 0.6 0.025 0.03333333333333333