3 0.2578125 0.34444444444444444 0.0375 0.07777777777777778
0 0.4125 0.3638888888888889 0.0265625 0.05
0 0.2734375 0.3111111111111111 0.0421875 0.08055555555555556
0 0.3953125 0.3611111111111111 0.0203125 0.05
3 0.928125 0.3388888888888889 0.028125 0.05277777777777778
2 0.3953125 0.5083333333333333 0.096875 0.3527777777777778
1 0.5046875 0.5833333333333334 0.0296875 0.03333333333333333
1 0.2484375 0.6722222222222223 0.0390625 0.05277777777777778
2 0.2625 0.5361111111111111 0.1484375 0.5222222222222223
2 0.5078125 0.5361111111111111 0.0890625 0.3861111111111111
1 0.3875 0.5722222222222222 0.0265625 0.030555555555555555
0 0.5078125 0.375 0.03125 0.05555555555555555