3 0.6806621091968232 0.5317605608350462 0.03144998789975162 0.03564833992388792
1 0.6981723169441498 0.47699214779318455 0.14123509582002852 0.37910386266130086
1 0.16838936817381372 0.47181528608328593 0.32950881810349036 0.7882427352084335
0 0.5507892985973853 0.2896937831547174 0.04572156615858276 0.07215884288963732
1 0.5209012898167866 0.4572659437251212 0.17119530659241722 0.4271885355889943
3 0.4874388291425939 0.567647686805039 0.03618293969514959 0.043651840912470874
3 0.08408657016560354 0.5902841017868858 0.07231133723582164 0.0779286818249421
0 0.7216966962362532 0.3286965692380033 0.03943520472226432 0.06565417490485981
0 0.1880807412194013 0.17645370653952136 0.09305108411256366 0.1521938527754691
2 0.5117540696746242 0.2834146082498576 0.03310339149054773 0.05133700692008221
3 0.46529163925105255 0.47922451536022026 0.03144998789975162 0.03564833992388792
1 0.48204786807561784 0.4197367688202614 0.10982146935659536 0.34970552273741295