1 0.42732883225631957 0.18690941852568735 0.7709359747331254 0.3308992828747643
0 0.16250914494534763 0.4773716368892682 0.08364895459715282 0.039794554176610576
2 0.16110964589527815 0.4507727495857153 0.1012728656913195 0.059345074854774894
0 0.1967178779435072 0.33771197745980874 0.06816942496187509 0.04531680810555185
0 0.2023386304120492 0.6797903155491499 0.0634455573706945 0.04353598428423435
0 0.13190853590354185 0.23558224317557447 0.0918978656913195 0.058908427212139715
3 0.4876533088893059 0.43164402977439237 0.05890352773541672 0.04956766046291676
0 0.11208569196371543 0.18861519789030418 0.12841724715020839 0.08558224317557447
1 0.34706271684934054 0.325984727045524 0.3844867156150695 0.15681950413382922
3 0.5232030702884722 0.11489533146980344 0.07035017401194459 0.07195208271265771
3 0.4444345582237158 0.6536067669541108 0.04138871941479181 0.034704639784752266
1 0.3931045283040976 0.46001727874093506 0.5816903303564585 0.2471663300220614
1 0.3622039396826047 0.6747497127775004 0.4017833183886112 0.16230752481199354