0 0.8734375 0.33055555555555555 0.03125 0.05555555555555555
1 0.821875 0.5277777777777778 0.021875 0.025
1 0.7421875 0.5472222222222223 0.0265625 0.030555555555555555
1 0.3453125 0.5277777777777778 0.0234375 0.025
1 0.8671875 0.5472222222222223 0.0265625 0.030555555555555555
2 0.8265625 0.4777777777777778 0.05 0.3472222222222222
0 0.8328125 0.3388888888888889 0.025 0.044444444444444446
0 0.0828125 0.3333333333333333 0.034375 0.06666666666666667
0 0.3671875 0.3388888888888889 0.028125 0.05
2 0.878125 0.48333333333333334 0.0765625 0.3638888888888889
2 0.0734375 0.49722222222222223 0.11875 0.4027777777777778
0 0.7609375 0.32222222222222224 0.0328125 0.05555555555555555
2 0.3703125 0.4722222222222222 0.0875 0.3277777777777778
2 0.753125 0.48055555555555557 0.096875 0.38055555555555554