1 0.63046875 0.34327366808558696 0.1359375 0.4156442760184538
1 0.19375 0.33975448535963515 0.1390625 0.4172431386855446
1 0.5546875 0.3244231234086329 0.0984375 0.3245829240133631
1 0.04453125 0.36926816800604517 0.0890625 0.4947863360120904
0 0.209375 0.17274879869508958 0.040625 0.06922271467218155
1 0.44140625 0.3199799767265882 0.0859375 0.24787497334499947
0 0.63671875 0.17615889341976873 0.040625 0.06609771467218159
0 0.45078125 0.22399531472786077 0.025 0.045603401336727065
3 0.540625 0.38988449140672393 0.028125 0.031577264003817974
3 0.60078125 0.43667822274822354 0.03125 0.03630112667090888
0 0.03203125 0.1722477173376816 0.0171875 0.08613749466899989
0 0.565625 0.19330039274345104 0.0296875 0.050345445337363424