2 0.8507276068591322 0.9442372332243696 0.07208407825883115 0.03635565651766228
1 0.6624353257247485 0.2758240973911625 0.35839428298109544 0.10208169222923243
3 0.5569029432111912 0.28737519662903666 0.03453862646343318 0.02832498789975162
1 0.6800666906771082 0.6022729679026673 0.37087610226293644 0.0990294151018695
1 0.6577724923977517 0.9430161425707023 0.4584306444174139 0.10891347521032771
1 0.6846092658126816 0.49287524200496813 0.30518746974937905 0.08771012002052529
3 0.5956432563447118 0.20824623283158603 0.034565897540672096 0.03301248789975162
1 0.6394477984991894 0.19861670277735674 0.395839740826618 0.09292486084714327
2 0.801202909935508 0.1914258506126163 0.057985216822512696 0.030023843285945873
0 0.8308661213952675 0.5982707482514842 0.0658158975406721 0.03319429508134384
0 0.8104177868899203 0.487455968099059 0.047029536104353384 0.026835210772388506
0 0.8100824853656687 0.2765275584581386 0.05647725897699054 0.039389752926866264