1 0.6234375 0.36666666666666664 0.03125 0.03611111111111111
1 0.696875 0.37222222222222223 0.025 0.027777777777777776
0 0.184375 0.125 0.03125 0.06388888888888888
0 0.6296875 0.13333333333333333 0.034375 0.05555555555555555
0 0.5515625 0.15833333333333333 0.021875 0.044444444444444446
0 0.278125 0.06666666666666667 0.059375 0.11388888888888889
0 0.7125 0.14444444444444443 0.03125 0.05555555555555555
1 0.240625 0.4888888888888889 0.0515625 0.058333333333333334
2 0.7484375 0.28888888888888886 0.071875 0.35555555555555557
2 0.70625 0.275 0.059375 0.32222222222222224
0 0.471875 0.16666666666666666 0.0203125 0.03888888888888889
2 0.46875 0.2611111111111111 0.0609375 0.23055555555555557
0 0.74375 0.14722222222222223 0.0296875 0.05277777777777778
2 0.628125 0.3 0.10625 0.40555555555555556
2 0.278125 0.3416666666666667 0.1671875 0.6611111111111111
2 0.1703125 0.28055555555555556 0.0984375 0.38055555555555554
2 0.5515625 0.25555555555555554 0.0625 0.2388888888888889
1 0.734375 0.35 0.028125 0.03611111111111111