1 0.19140625 0.50546875 0.1875 0.71875
3 0.1359375 0.61015625 0.059375 0.05703125
0 0.39765625 0.28203125 0.02265625 0.04921875
0 0.26953125 0.26875 0.0234375 0.05
1 0.44765625 0.37890625 0.05390625 0.23203125
1 0.83359375 0.434375 0.08828125 0.39296875
0 0.18359375 0.2078125 0.0671875 0.11953125
1 0.3953125 0.38515625 0.06484375 0.259375
1 0.08828125 0.39296875 0.0796875 0.315625
0 0.8359375 0.26953125 0.03359375 0.05859375
3 0.8453125 0.50390625 0.0296875 0.034375
1 0.27578125 0.3859375 0.07109375 0.290625
0 0.1015625 0.29140625 0.025 0.046875
0 0.4484375 0.284375 0.01796875 0.03984375
0 0.1140625 0.259375 0.0265625 0.04921875
0 0.37734375 0.29140625 0.01796875 0.03671875