3 0.39375 0.2 0.034375 0.06388888888888888
0 0.4375 0.2 0.028125 0.05555555555555555
0 0.4125 0.20555555555555555 0.0171875 0.05555555555555555
0 0.103125 0.21666666666666667 0.0375 0.075
2 0.4140625 0.36944444444444446 0.134375 0.4111111111111111
0 0.05 0.14166666666666666 0.0984375 0.19166666666666668
0 0.625 0.20277777777777778 0.0328125 0.05555555555555555
2 0.63125 0.3472222222222222 0.0984375 0.3527777777777778
2 0.1234375 0.5111111111111111 0.246875 0.95
1 0.621875 0.4027777777777778 0.028125 0.03333333333333333
1 0.3921875 0.475 0.0296875 0.041666666666666664