0 0.5475659630749596 0.9977090404457238 0.0487920560063543 0.004581919108552412
2 0.556827914779243 0.9594277904457238 0.06731595941492116 0.08114441910855241
1 0.7493620625057668 0.8518486226573196 0.2055092548679685 0.2963027546853606
1 0.338042732960462 0.8743373880967258 0.12289557792045169 0.24095527210332374
2 0.3153125706234416 0.9674736226573198 0.0272170649348082 0.038272889812585476
1 0.19102741112579497 0.8333222800208826 0.11675467207625304 0.24702341567683286
1 0.48256034619098676 0.8711405287672414 0.13440582223840886 0.2577189424655174
0 0.4509773352339382 0.9800070634069774 0.03373980032431163 0.03998587318604514
0 0.17139497524982422 0.9281119427947218 0.0287795649348082 0.038318353919208195
3 0.20013935836585142 0.8038848326073073 0.02225682954530477 0.022511497492717414
1 0.6029018940796664 0.7358167942066476 0.29071391801576796 0.5283664115867049
3 0.6552689634787014 0.7022256735278848 0.05407957386326192 0.05623327962517131