3 0.3168347425484451 0.42073943118274626 0.031024506920082205 0.03367631802583091
1 0.6436227356283629 0.4440044687919832 0.1910387658545119 0.47531355172849493
1 0.42734116102751435 0.4089404616658472 0.16569125596868015 0.42775659012915473
1 0.17212442041905446 0.37188805720527823 0.09682455634924096 0.26968802586424745
1 0.2938720864266656 0.3714668568887091 0.1413677352084335 0.3287280567430598
0 0.6645440251716899 0.25611802388569044 0.053438017794497125 0.08582985141192578
3 0.4222597301911555 0.4761961578257813 0.03590300790866543 0.03850021034569906
0 0.1867055266545647 0.26299879051223085 0.029971342889637365 0.046130853919208195
0 0.31253319760509174 0.23904916198241635 0.034913510874414924 0.052517246239076346
3 0.6568774693167405 0.520870845672445 0.039091674904859805 0.04015363855894449
3 0.18013058000087503 0.4052090225655422 0.021140170950527094 0.020903533386094787
0 0.4623594426621759 0.25809937569332764 0.036921679847775654 0.06350021034569905
0 0.45347653258606374 0.22714489238637503 0.03985567885919252 0.058903638558944336
2 0.6980913542211628 0.2754303135399915 0.04524351581733086 0.07622753087881247