0 0.45239025836774294 0.23209204149597143 0.04513543758467122 0.05846095318850333
1 0.44657627035353065 0.3430295414959714 0.17664654567984286 0.3676456026681049
1 0.11036213138937856 0.3755466338757694 0.1652177227490644 0.35769739258219674
1 0.35476058457788184 0.346051642920881 0.11647260628614955 0.26009205223856363
0 0.4129526221171244 0.2073067254625979 0.0389673247398008 0.05969590456798424
0 0.6930838574178033 0.1836013890756937 0.033788501809022264 0.050075243102595035
0 0.10428695104079673 0.23735059305716652 0.03904921189493056 0.0612584045679843
0 0.345157612506186 0.2452737149471483 0.033788501809022264 0.050075243102595035
0 0.4348243000908571 0.19356845205684953 0.033788501809022264 0.050075243102595035
3 0.6957164552246683 0.37253773631673176 0.028445904567984216 0.03732958163720586
3 0.4414483570791191 0.3960317107632768 0.034859678878243726 0.04078213025772479
1 0.7013356914298583 0.3101605670494264 0.13595294662978255 0.3047428109449909