1 0.1125 0.5703125 0.1859375 0.740625
0 0.1171875 0.26796875 0.06640625 0.125
3 0.23359375 0.609375 0.0375 0.04609375
1 0.25234375 0.54453125 0.11328125 0.44375
0 0.01640625 0.3140625 0.0328125 0.075
1 0.03046875 0.503125 0.06015625 0.45625
0 0.25390625 0.36484375 0.0375 0.071875
2 0.22421875 0.371875 0.02890625 0.06015625
0 0.3515625 0.35859375 0.0359375 0.059375
3 0.35078125 0.59296875 0.028125 0.034375
3 0.08359375 0.68671875 0.05546875 0.05859375
1 0.36171875 0.51796875 0.10703125 0.38046875