2 0.390625 0.575 0.1515625 0.6111111111111112
1 0.4859375 0.5916666666666667 0.0265625 0.03333333333333333
1 0.3703125 0.6666666666666666 0.04375 0.05
1 0.0609375 0.7527777777777778 0.0578125 0.07222222222222222
2 0.1171875 0.5916666666666667 0.23125 0.7944444444444444
2 0.4921875 0.5138888888888888 0.078125 0.3333333333333333
0 0.1046875 0.2611111111111111 0.075 0.12777777777777777
0 0.375 0.32222222222222224 0.0546875 0.09722222222222222
0 0.1921875 0.33055555555555555 0.0390625 0.075
0 0.4921875 0.37777777777777777 0.028125 0.05277777777777778
0 0.3359375 0.35833333333333334 0.028125 0.05
2 0.2 0.5027777777777778 0.08125 0.425