2 0.5484375 0.4888888888888889 0.115625 0.3972222222222222
2 0.4015625 0.45555555555555555 0.084375 0.325
2 0.1390625 0.49166666666666664 0.125 0.4166666666666667
0 0.7671875 0.3277777777777778 0.028125 0.044444444444444446
0 0.4109375 0.3277777777777778 0.028125 0.058333333333333334
0 0.15 0.32222222222222224 0.0375 0.07777777777777778
0 0.55 0.32222222222222224 0.0328125 0.06388888888888888
0 0.575 0.3277777777777778 0.021875 0.05555555555555555
1 0.7421875 0.5166666666666667 0.021875 0.025
2 0.03125 0.475 0.0609375 0.3388888888888889
1 0.521875 0.5944444444444444 0.03125 0.03611111111111111
2 0.7609375 0.46111111111111114 0.084375 0.31666666666666665