1 0.3921875 0.4609375 0.11640625 0.4765625
1 0.58984375 0.4375 0.090625 0.4015625
1 0.303125 0.43125 0.0890625 0.396875
1 0.140625 0.41171875 0.07421875 0.32421875
0 0.38515625 0.26484375 0.03984375 0.0765625
0 0.58671875 0.27109375 0.03203125 0.0640625
2 0.3015625 0.26328125 0.03203125 0.0546875
3 0.57578125 0.49921875 0.0296875 0.034375
3 0.36796875 0.59375 0.0359375 0.04375
3 0.28125 0.49921875 0.03203125 0.03515625
0 0.14296875 0.28125 0.02890625 0.05703125
1 0.19140625 0.4 0.05234375 0.23125