3 0.9265625 0.23406598157007022 0.0640625 0.07649107123840286
3 0.565625 0.39597756800736156 0.0359375 0.04614895459715278
3 0.75 0.3932376937666673 0.034375 0.04142508700597229
0 0.734375 0.6905302678548617 0.04375 0.08539329255305557
1 0.87734375 0.4071391524478827 0.2453125 0.7791472118153475
1 0.634375 0.49054649201930617 0.0875 0.3801615851061112
1 0.44140625 0.4860550945085073 0.0875 0.35203658510611113
1 0.73515625 0.490548451650452 0.10625 0.48684799620027785
1 0.54609375 0.4705229731176046 0.1140625 0.48546733415618065
3 0.44609375 0.42053919728204897 0.0265625 0.03343074905006951
0 0.5578125 0.6387644800514588 0.040625 0.06813305737069442
0 0.5546875 0.6777542448690976 0.040625 0.05407055737069442
0 0.440625 0.627443160712917 0.0328125 0.060138719414791805
0 0.6390625 0.6461243447928477 0.034375 0.06330008700597212
2 0.88984375 0.7293050931773271 0.0703125 0.11882404160312507
3 0.63671875 0.43278854340607686 0.03125 0.03353985182361115