1 0.585668383804296 0.9315648973233674 0.42783052273741295 0.11766811720993076
0 0.7509896362757539 0.9160093664538188 0.06696200692008211 0.034339938829583264
3 0.5105940824351519 0.7818935120647564 0.03395850593149916 0.02888871941479181
1 0.5569425004199295 0.77457066812493 0.34434686068413445 0.13757926728618095
2 0.5694782173767552 0.14128604264996478 0.06259284190105419 0.042043336056041714
3 0.4316347301911554 0.47855226614881907 0.035775673916276673 0.03517508700597229
1 0.4207077949433534 0.17206653001652744 0.39303371148243726 0.221446427430417
1 0.493561727225406 0.4911600625015968 0.4143357085166876 0.20789307370694488
1 0.5338604860854735 0.8430121968102773 0.5291277203796859 0.2667615402719449
3 0.4414819850968903 0.8498453846899302 0.0519100098858317 0.048038762917777686
0 0.7407126639560827 0.7851230423656244 0.08529551285158128 0.0628649823325695
0 0.7022059208761651 0.7532379159407285 0.05309050790866543 0.038700130508958354
0 0.6515625696207517 0.44455455338354105 0.06447367688202625 0.049892203647222286