1 0.390625 0.5444444444444444 0.0265625 0.030555555555555555
0 0.16875 0.35555555555555557 0.0328125 0.06111111111111111
0 0.5578125 0.37222222222222223 0.025 0.058333333333333334
2 0.5609375 0.49722222222222223 0.0703125 0.3138888888888889
1 0.553125 0.5555555555555556 0.0234375 0.030555555555555555
1 0.2109375 0.6944444444444444 0.053125 0.06111111111111111
2 0.3171875 0.49444444444444446 0.0859375 0.41388888888888886
0 0.3859375 0.35555555555555557 0.028125 0.058333333333333334
0 0.309375 0.325 0.0390625 0.07222222222222222
3 0.2328125 0.30277777777777776 0.0546875 0.09444444444444444
2 0.48125 0.5111111111111111 0.0953125 0.42777777777777776
2 0.3953125 0.49444444444444446 0.08125 0.3388888888888889
2 0.240625 0.5944444444444444 0.196875 0.675
0 0.475 0.3611111111111111 0.040625 0.05555555555555555
1 0.4671875 0.5722222222222222 0.0296875 0.03611111111111111
0 0.4765625 0.3333333333333333 0.0375 0.044444444444444446