1 0.7546875 0.49722222222222223 0.03125 0.03611111111111111
0 0.83125 0.26944444444444443 0.034375 0.06388888888888888
0 0.3203125 0.25555555555555554 0.0390625 0.07222222222222222
0 0.4546875 0.28888888888888886 0.028125 0.05555555555555555
2 0.73125 0.4388888888888889 0.109375 0.40555555555555556
2 0.45625 0.4305555555555556 0.0859375 0.3416666666666667
2 0.3265625 0.46111111111111114 0.1546875 0.49444444444444446
1 0.440625 0.4888888888888889 0.025 0.030555555555555555
0 0.728125 0.275 0.0328125 0.06944444444444445
2 0.61875 0.4222222222222222 0.0828125 0.2972222222222222
0 0.3515625 0.2777777777777778 0.03125 0.06111111111111111
2 0.821875 0.425 0.096875 0.37777777777777777
0 0.61875 0.2972222222222222 0.025 0.044444444444444446
1 0.3 0.5388888888888889 0.0359375 0.041666666666666664
1 0.6109375 0.46111111111111114 0.025 0.027777777777777776