0 0.2828125 0.2361111111111111 0.053125 0.08055555555555556
1 0.675 0.45555555555555555 0.0234375 0.030555555555555555
1 0.740625 0.4361111111111111 0.021875 0.027777777777777776
1 0.59375 0.4527777777777778 0.021875 0.025
0 0.69375 0.2611111111111111 0.0171875 0.05
3 0.271875 0.28888888888888886 0.0421875 0.08333333333333333
0 0.103125 0.3138888888888889 0.028125 0.05277777777777778
0 0.4140625 0.2833333333333333 0.034375 0.06666666666666667
0 0.6765625 0.2611111111111111 0.028125 0.05277777777777778
2 0.75 0.39166666666666666 0.0703125 0.3
0 0.6 0.26666666666666666 0.025 0.04722222222222222
0 0.746875 0.26666666666666666 0.025 0.044444444444444446
2 0.096875 0.4361111111111111 0.084375 0.3055555555555556
2 0.41875 0.4166666666666667 0.1015625 0.3388888888888889
2 0.6796875 0.3972222222222222 0.084375 0.3333333333333333
1 0.2421875 0.7 0.0484375 0.06111111111111111
2 0.284375 0.5027777777777778 0.1890625 0.6444444444444445
2 0.6015625 0.39444444444444443 0.0671875 0.30277777777777776