0 0.33125 0.2638888888888889 0.04375 0.075
1 0.153125 0.6444444444444445 0.0625 0.06111111111111111
2 0.2125 0.5555555555555556 0.1859375 0.7611111111111111
2 0.3359375 0.4722222222222222 0.125 0.5027777777777778
2 0.08125 0.49444444444444446 0.134375 0.675
0 0.090625 0.20833333333333334 0.05625 0.10555555555555556
1 0.0765625 0.6444444444444445 0.046875 0.05555555555555555
0 0.1921875 0.2388888888888889 0.06875 0.12222222222222222
2 0.64375 0.44166666666666665 0.184375 0.4166666666666667
0 0.1265625 0.21944444444444444 0.03125 0.1
0 0.640625 0.26944444444444443 0.0359375 0.06666666666666667
1 0.3078125 0.5444444444444444 0.0390625 0.041666666666666664