2 0.478125 0.5416666666666666 0.11875 0.5472222222222223
3 0.4671875 0.3111111111111111 0.04375 0.07777777777777778
3 0.428125 0.31666666666666665 0.03125 0.05555555555555555
2 0.4125 0.49444444444444446 0.06875 0.4222222222222222
1 0.603125 0.5722222222222222 0.025 0.030555555555555555
1 0.24375 0.7722222222222223 0.059375 0.06666666666666667
0 0.6171875 0.35 0.0296875 0.05555555555555555
2 0.61875 0.5055555555555555 0.0984375 0.3638888888888889
0 0.3140625 0.2833333333333333 0.0734375 0.125
2 0.3046875 0.6055555555555555 0.2328125 0.775
1 0.4046875 0.5944444444444444 0.0296875 0.03333333333333333
1 0.4390625 0.6166666666666667 0.0375 0.041666666666666664