2 0.9703125 0.4388888888888889 0.05625 0.5027777777777778
1 0.225 0.5416666666666666 0.034375 0.041666666666666664
2 0.4015625 0.4638888888888889 0.1328125 0.5138888888888888
2 0.253125 0.45555555555555555 0.1203125 0.4527777777777778
2 0.559375 0.4083333333333333 0.0765625 0.3888888888888889
0 0.25 0.26944444444444443 0.0421875 0.06944444444444445
2 0.8734375 0.4777777777777778 0.1703125 0.5833333333333334
1 0.665625 0.475 0.0234375 0.030555555555555555
3 0.909375 0.3277777777777778 0.0375 0.06111111111111111
0 0.5609375 0.25 0.034375 0.06666666666666667
2 0.671875 0.39444444444444443 0.071875 0.3055555555555556
1 0.55625 0.4861111111111111 0.0265625 0.03333333333333333
0 0.3953125 0.25 0.0421875 0.08055555555555556
0 0.909375 0.2361111111111111 0.04375 0.09722222222222222
0 0.6671875 0.26666666666666666 0.025 0.04722222222222222
1 0.378125 0.5472222222222223 0.0390625 0.044444444444444446