0 0.2125 0.1361111111111111 0.0484375 0.08333333333333333
1 0.6625 0.4027777777777778 0.028125 0.030555555555555555
1 0.059375 0.5055555555555555 0.0515625 0.05
0 0.109375 0.1527777777777778 0.05625 0.10555555555555556
2 0.21875 0.3638888888888889 0.1171875 0.5444444444444444
1 0.5484375 0.45555555555555555 0.0390625 0.041666666666666664
3 0.68125 0.18055555555555555 0.028125 0.058333333333333334
0 0.33125 0.13333333333333333 0.0546875 0.10833333333333334
0 0.56875 0.16111111111111112 0.046875 0.07777777777777778
1 0.290625 0.5138888888888888 0.05 0.058333333333333334
2 0.1125 0.4027777777777778 0.1703125 0.6055555555555555
2 0.3375 0.4 0.1640625 0.6416666666666667
2 0.6796875 0.3416666666666667 0.1015625 0.38333333333333336
2 0.56875 0.38055555555555554 0.115625 0.5166666666666667