1 0.6049276887332697 0.45572448214884587 0.11301126670908897 0.31887036831702953
1 0.10026746073358783 0.4874629316688531 0.19726228142899557 0.7156991366622938
1 0.4503947300684059 0.478015253054359 0.12625670138445227 0.3836609104104042
1 0.267519142743451 0.5504271213008012 0.10834194804263433 0.32015985253201384
1 0.3445987160645879 0.45603310821720877 0.21108732940799654 0.5619216892790122
0 0.2885321714274048 0.6766333055299031 0.033394302673454224 0.05191111049510884
0 0.14048557009863183 0.7188725553887287 0.049328385343726786 0.07938366311182729
0 0.1655946580999045 0.7267914712019792 0.038263616008908666 0.06780912628012441
0 0.6204810580839961 0.5830304347937992 0.03337612133990877 0.05034861049510884
0 0.463813434754905 0.6234264635918201 0.035102253341817755 0.06450211575678075
0 0.48882252542167776 0.6227516294050706 0.03822725334181776 0.06468412628012424
1 0.15018619207508746 0.5447525159261899 0.15518168006045174 0.4540490051204976
0 0.3794026194302683 0.6924487503529357 0.060211341343090474 0.07533319994353035
2 0.07905772143535894 0.7474672632247669 0.1049976773551808 0.1669438472703421
0 0.34242933076063203 0.6727123740022243 0.03023294000636332 0.04860409997176518
3 0.4307356633911337 0.4009823161944211 0.03324885200509069 0.039411110495108835
0 0.3829543334261321 0.6617524871987562 0.060411336012090366 0.09252069994353036
3 0.24802370806808777 0.4874566844408633 0.02848862667090888 0.03288809471009344
3 0.5964333887253155 0.3975857584572052 0.028488626670909057 0.03288809471009326
3 0.31848056405154307 0.3613954424039584 0.04905566534054513 0.0559461631118273
3 0.018662377386997532 0.3944934526449534 0.028815890674726903 0.061013094710093266