0 0.175 0.18333333333333332 0.059375 0.09444444444444444
1 0.55625 0.5305555555555556 0.0359375 0.044444444444444446
1 0.090625 0.6305555555555555 0.0671875 0.06666666666666667
2 0.5703125 0.45 0.1125 0.4638888888888889
2 0.1484375 0.5222222222222223 0.278125 0.7916666666666666
3 0.096875 0.18611111111111112 0.065625 0.11944444444444445
0 0.5734375 0.25833333333333336 0.040625 0.07222222222222222
0 0.246875 0.24444444444444444 0.028125 0.05277777777777778
2 0.2515625 0.38333333333333336 0.0796875 0.33611111111111114
3 0.153125 0.23055555555555557 0.05625 0.11666666666666667
0 0.175 0.20555555555555555 0.059375 0.1388888888888889