2 0.3852516294050705 0.5004988835794993 0.05191111049510884 0.03514128742738727
1 0.5074711797438889 0.8412115049623987 0.8126790944277446 0.3175769900752027
1 0.5434967689099617 0.5407707808078497 0.4067945735222315 0.18879725020488786
1 0.5327882401119408 0.6977292562007438 0.3833570735222315 0.1877056310982999
1 0.5709153845961552 0.43315948800377874 0.4405325366905286 0.17946079156121666
1 0.5709678634788806 0.3650088014860141 0.3337519156720761 0.13864739288512418
3 0.7750381113421548 0.8962374925518926 0.08102175782192056 0.08012845574818712
0 0.21458572972977147 0.834882383993784 0.17521137357870128 0.11879715756743262
3 0.6031902873258131 0.5380674658778722 0.03932010523343692 0.03299659057054054
0 0.4010502056287251 0.40409691852568735 0.07295165258848364 0.04858735731976367
0 0.43980116346476317 0.3440155971855692 0.05365562101845249 0.03833906203449331
0 0.39127557429869037 0.6660703796505578 0.06624662628012441 0.04048375889134022
3 0.6360420427286593 0.6868709929661774 0.041064615756780755 0.036194365177646404
3 0.636866608287796 0.44406490880577765 0.04124662628012423 0.039319365177646406
3 0.6462940871705214 0.3763508699306482 0.03932010523343692 0.03299659057054054
0 0.4108270240304591 0.3841846788647696 0.061195105233436964 0.03401543507002262