2 0.2796875 0.5194444444444445 0.203125 0.6388888888888888
2 0.8125 0.46944444444444444 0.0765625 0.32222222222222224
0 0.278125 0.2361111111111111 0.053125 0.06111111111111111
3 0.29375 0.2777777777777778 0.0453125 0.09166666666666666
1 0.965625 0.5472222222222223 0.025 0.027777777777777776
1 0.8015625 0.5361111111111111 0.021875 0.027777777777777776
0 0.48125 0.2972222222222222 0.0375 0.06666666666666667
0 0.515625 0.3055555555555556 0.034375 0.06666666666666667
1 0.4890625 0.55 0.0328125 0.03611111111111111
0 0.9796875 0.3527777777777778 0.0328125 0.058333333333333334
1 0.2203125 0.6472222222222223 0.05 0.05555555555555555
0 0.81875 0.3333333333333333 0.028125 0.05
2 0.50625 0.4777777777777778 0.1171875 0.42777777777777776
2 0.9671875 0.49444444444444446 0.0625 0.34444444444444444