1 0.13125 0.55 0.053125 0.058333333333333334
3 0.478125 0.2 0.0390625 0.06944444444444445
1 0.4671875 0.4861111111111111 0.034375 0.041666666666666664
2 0.4796875 0.3861111111111111 0.1125 0.44166666666666665
2 0.1640625 0.45 0.178125 0.6722222222222223
0 0.1625 0.16666666666666666 0.0578125 0.1
2 0.93125 0.35833333333333334 0.134375 0.42777777777777776
2 0.284375 0.39444444444444443 0.1234375 0.5166666666666667
2 0.38125 0.33055555555555555 0.0640625 0.24444444444444444
0 0.2625 0.18055555555555555 0.0453125 0.07777777777777778
0 0.98125 0.18888888888888888 0.0328125 0.06666666666666667
0 0.378125 0.23055555555555557 0.021875 0.041666666666666664