3 0.7601524186028211 0.4925899122451137 0.033139764003817976 0.029079746239076342
2 0.9832284813017289 0.2615003512789118 0.0284886266709087 0.03206835391920828
1 0.8894415712921837 0.3291077369348623 0.21471702800763595 0.06247858260730732
3 0.7982529499522749 0.3749083187507468 0.029978401336727068 0.02586381802583091
2 0.919807039902959 0.7418494293338727 0.12120338534372692 0.08006323620994635
1 0.8451461312858204 0.37470974194942724 0.3026897426798175 0.10564957257817742
1 0.8575654099697742 0.24768424069578598 0.2808692866804538 0.10970057508545991
1 0.8244421852721391 0.4749226906166436 0.33722837468172673 0.1207122829238763
1 0.5711337299093223 0.6848132015037034 0.8361760467059074 0.31329486882988905
0 0.9784404366247745 0.3371679410123551 0.03619203866963616 0.02292067445232169
0 0.9818376092855022 0.3810316012789118 0.028470445337363516 0.030505853919208282
3 0.8145512066359105 0.25034022776366227 0.026835220003181705 0.024210389812585654
0 0.960252415937321 0.489815567892817 0.06288180800445424 0.03463106426490725