1 0.74921875 0.3921875 0.06953125 0.30078125
1 0.09609375 0.4359375 0.08515625 0.30546875
1 0.28359375 0.503125 0.18828125 0.64375
1 0.60078125 0.39296875 0.0671875 0.3046875
0 0.67578125 0.259375 0.02890625 0.05390625
0 0.69375 0.259375 0.0171875 0.0515625
0 0.2828125 0.2359375 0.05390625 0.08046875
2 0.271875 0.28828125 0.0421875 0.084375
3 0.2421875 0.69921875 0.0484375 0.06015625
3 0.59375 0.45078125 0.02265625 0.02578125
3 0.67421875 0.453125 0.02421875 0.03046875
1 0.41796875 0.41796875 0.10078125 0.340625
3 0.740625 0.43515625 0.02265625 0.028125
0 0.103125 0.3125 0.02890625 0.0546875
1 0.67890625 0.39609375 0.084375 0.334375
0 0.59921875 0.2671875 0.02578125 0.046875
0 0.746875 0.26640625 0.02578125 0.04453125
0 0.41328125 0.28359375 0.034375 0.06796875