1 0.6359375 0.5361111111111111 0.0296875 0.030555555555555555
2 0.6484375 0.48333333333333334 0.075 0.4083333333333333
2 0.5515625 0.4722222222222222 0.084375 0.3194444444444444
2 0.715625 0.5 0.1 0.4444444444444444
2 0.16875 0.49166666666666664 0.1 0.3611111111111111
2 0.8328125 0.475 0.075 0.29444444444444445
2 0.9609375 0.49722222222222223 0.078125 0.34444444444444444
2 0.3203125 0.5444444444444444 0.2078125 0.8472222222222222
0 0.325 0.18888888888888888 0.0703125 0.13333333333333333
1 0.6875 0.5722222222222222 0.0328125 0.03611111111111111
0 0.5546875 0.33611111111111114 0.028125 0.04722222222222222
0 0.9640625 0.35555555555555557 0.0328125 0.06111111111111111
1 0.9625 0.55 0.025 0.027777777777777776
0 0.721875 0.3138888888888889 0.040625 0.075
0 0.8328125 0.35 0.025 0.041666666666666664
1 0.81875 0.5194444444444445 0.021875 0.025
3 0.175 0.34444444444444444 0.0265625 0.06111111111111111
3 0.6765625 0.3277777777777778 0.0375 0.06388888888888888
1 0.5375 0.5222222222222223 0.0234375 0.022222222222222223
1 0.2578125 0.725 0.0609375 0.07777777777777778