0 0.62265625 0.33125 0.034375 0.0453125
0 0.3453125 0.39375 0.0203125 0.04375
1 0.61484375 0.4953125 0.11640625 0.371875
1 0.2703125 0.50703125 0.1453125 0.4859375
2 0.60234375 0.35625 0.02890625 0.05546875
0 0.74609375 0.35859375 0.0375 0.06328125
1 0.74921875 0.52421875 0.10390625 0.39609375
1 0.35078125 0.49609375 0.0484375 0.253125
0 0.23046875 0.3 0.04140625 0.0703125
0 0.2703125 0.32265625 0.04375 0.08203125
3 0.22890625 0.5984375 0.03515625 0.040625
3 0.59453125 0.58203125 0.02734375 0.03359375
3 0.7484375 0.58359375 0.0296875 0.03125