1 0.8704770882987383 0.5395730052116874 0.23255586641599146 0.5336681173615441
2 0.6981867495902245 0.7851956825668682 0.11886993217453856 0.17160337468172654
1 0.5366563982663168 0.6824444945894581 0.2055138693114756 0.4224760786919079
2 0.21288064227046086 0.8611171239656379 0.048878455748187034 0.07708975867281787
2 0.5740193494663899 0.8358325765834129 0.050586504962398846 0.08023294000636341
0 0.22541487552123787 0.8937659919637289 0.049931533498446076 0.0661704400063634
0 0.34198379136083806 0.9056836419478206 0.03528683664159917 0.053506808004454245
2 0.7720223558765308 0.8093229785566869 0.12304800992479752 0.16072041868236298
0 0.9074547417323415 0.751527565205324 0.05734592721213971 0.09124316534054522
0 0.35779072787860267 0.9015955786123662 0.040192660462916766 0.05824885200509087
3 0.3279342156774937 0.7043938619510023 0.03285104135632881 0.03473862667090888
0 0.9348177624105061 0.7340309825350515 0.06559507485477489 0.10070907200827221
3 0.187367027711987 0.6544949539704105 0.039537688998963996 0.04418635200509069
3 0.6496595899513681 0.20092122724382228 0.10153257485477489 0.10112724267981757
1 0.19680834016076504 0.7535500719685014 0.19559090570540577 0.3770726720241807
1 0.645282343261137 0.46796710797263763 0.5719353134777261 0.9359342159452753
1 0.32747614330391817 0.7645228399506842 0.1819992865988179 0.35348972135581713