1 0.07578125 0.6046875 0.1515625 0.778125
1 0.85 0.603125 0.25078125 0.77890625
1 0.39921875 0.5875 0.128125 0.4875
1 0.2640625 0.53046875 0.084375 0.325
0 0.0625 0.2859375 0.0765625 0.13125
0 0.40078125 0.3921875 0.03828125 0.07578125
3 0.79609375 0.840625 0.06328125 0.06328125
3 0.3765625 0.7171875 0.03671875 0.05
3 0.015625 0.7453125 0.03125 0.0625
0 0.27421875 0.40234375 0.03046875 0.0640625
0 0.86171875 0.29609375 0.0828125 0.14375
1 0.45546875 0.553125 0.0875 0.44140625
2 0.45 0.371875 0.034375 0.06015625