1 0.7078125 0.41015625 0.0671875 0.278125
1 0.240625 0.52421875 0.2203125 0.75859375
1 0.49765625 0.4203125 0.0796875 0.34453125
1 0.55859375 0.403125 0.05625 0.284375
1 0.4390625 0.390625 0.053125 0.21796875
3 0.18046875 0.60625 0.0609375 0.06328125
0 0.7078125 0.29453125 0.02421875 0.04296875
0 0.559375 0.284375 0.025 0.04375
3 0.49140625 0.47109375 0.02578125 0.0265625
3 0.7046875 0.48984375 0.0203125 0.0265625
3 0.546875 0.4484375 0.01875 0.0234375
2 0.503125 0.275 0.02734375 0.04921875
0 0.44453125 0.30078125 0.02109375 0.03671875
0 0.21796875 0.2171875 0.07578125 0.12421875