0 0.4875 0.4 0.0328125 0.058333333333333334
1 0.3890625 0.7972222222222223 0.05 0.06388888888888888
2 0.0953125 0.6305555555555555 0.1875 0.7277777777777777
2 0.40625 0.6555555555555556 0.18125 0.6722222222222223
2 0.565625 0.5722222222222222 0.0765625 0.33611111111111114
3 0.09375 0.3416666666666667 0.0703125 0.14166666666666666
2 0.4953125 0.5777777777777777 0.084375 0.4166666666666667
0 0.4 0.38333333333333336 0.059375 0.11388888888888889
0 0.5546875 0.44166666666666665 0.028125 0.05555555555555555
1 0.5546875 0.6333333333333333 0.025 0.030555555555555555
1 0.484375 0.6472222222222223 0.03125 0.030555555555555555