0 0.47578125 0.2734375 0.021875 0.046875
1 0.38125 0.39140625 0.059375 0.2328125
1 0.63203125 0.4 0.06796875 0.26328125
3 0.621875 0.44140625 0.01953125 0.02265625
3 0.4296875 0.5140625 0.0359375 0.040625
0 0.82734375 0.30546875 0.02265625 0.0390625
1 0.4546875 0.4640625 0.12109375 0.45859375
0 0.63125 0.2875 0.0203125 0.03359375
1 0.8296875 0.409375 0.06328125 0.24765625
0 0.44921875 0.271875 0.03828125 0.06796875
0 0.0578125 0.2671875 0.0359375 0.071875
0 0.38515625 0.2953125 0.01953125 0.03828125
3 0.81796875 0.4390625 0.01796875 0.01875
1 0.26015625 0.40078125 0.08203125 0.20859375
1 0.05078125 0.415625 0.1 0.371875
0 0.265625 0.31796875 0.01953125 0.03828125