1 0.6671875 0.4722222222222222 0.025 0.027777777777777776
0 0.46875 0.35 0.021875 0.044444444444444446
0 0.4703125 0.31666666666666665 0.0203125 0.044444444444444446
3 0.8203125 0.2861111111111111 0.03125 0.06111111111111111
0 0.125 0.26666666666666666 0.0515625 0.1
3 0.678125 0.275 0.03125 0.05555555555555555
2 0.8 0.4444444444444444 0.1359375 0.3972222222222222
2 0.4703125 0.4166666666666667 0.065625 0.25277777777777777
2 0.66875 0.4166666666666667 0.084375 0.35
2 0.1421875 0.5083333333333333 0.284375 0.6083333333333333
1 0.853125 0.5 0.025 0.030555555555555555