2 0.6890625 0.30277777777777776 0.0953125 0.39166666666666666
2 0.3859375 0.26666666666666666 0.078125 0.3055555555555556
0 0.69375 0.14166666666666666 0.0359375 0.06388888888888888
0 0.7765625 0.15833333333333333 0.025 0.04722222222222222
0 0.3921875 0.14444444444444443 0.028125 0.058333333333333334
0 0.5390625 0.12222222222222222 0.04375 0.075
0 0.5625 0.1 0.03125 0.07777777777777778
1 0.765625 0.3138888888888889 0.021875 0.027777777777777776
1 0.678125 0.36944444444444446 0.03125 0.03611111111111111
1 0.5453125 0.4027777777777778 0.040625 0.044444444444444446
2 0.553125 0.3138888888888889 0.134375 0.5083333333333333
2 0.775 0.2722222222222222 0.0625 0.2722222222222222