0 0.353125 0.30277777777777776 0.0234375 0.044444444444444446
1 0.7875 0.475 0.0265625 0.030555555555555555
0 0.61875 0.30833333333333335 0.0296875 0.05555555555555555
1 0.6296875 0.45 0.0234375 0.025
1 0.4421875 0.46944444444444444 0.0265625 0.027777777777777776
2 0.45625 0.4111111111111111 0.084375 0.34444444444444444
2 0.3515625 0.4083333333333333 0.0703125 0.26666666666666666
2 0.76875 0.4111111111111111 0.096875 0.38333333333333336
2 0.1984375 0.4305555555555556 0.109375 0.37777777777777777
0 0.4484375 0.26944444444444443 0.028125 0.05277777777777778
2 0.6421875 0.3972222222222222 0.075 0.325
0 0.640625 0.26944444444444443 0.0296875 0.05277777777777778
3 0.203125 0.2777777777777778 0.028125 0.06388888888888888
3 0.771875 0.25555555555555554 0.0328125 0.06388888888888888