3 0.61796875 0.3890625 0.02578125 0.03046875
1 0.203125 0.39296875 0.1203125 0.475
1 0.46640625 0.3515625 0.07890625 0.359375
1 0.37265625 0.4109375 0.15 0.57109375
0 0.4609375 0.19921875 0.03125 0.05546875
2 0.62265625 0.18359375 0.028125 0.0515625
3 0.3578125 0.50234375 0.04453125 0.053125
0 0.20546875 0.20234375 0.0421875 0.08203125
2 0.36484375 0.19140625 0.05078125 0.08359375
3 0.4546875 0.39921875 0.028125 0.03046875
0 0.36484375 0.13828125 0.05078125 0.05859375
1 0.61953125 0.3296875 0.10390625 0.35390625