0 0.28125 0.31666666666666665 0.0234375 0.04722222222222222
1 0.4515625 0.48333333333333334 0.0265625 0.03333333333333333
2 0.5375 0.5277777777777778 0.19375 0.7694444444444445
0 0.159375 0.25555555555555554 0.0453125 0.07777777777777778
1 0.484375 0.6722222222222223 0.0578125 0.06666666666666667
2 0.1734375 0.4638888888888889 0.13125 0.5027777777777778
2 0.278125 0.4166666666666667 0.0640625 0.25277777777777777
1 0.1390625 0.5527777777777778 0.0375 0.041666666666666664
2 0.45625 0.41388888888888886 0.0640625 0.35555555555555557
3 0.53125 0.20833333333333334 0.0609375 0.11666666666666667
0 0.459375 0.26666666666666666 0.0296875 0.06111111111111111