1 0.33515625 0.396875 0.084375 0.33125
1 0.10390625 0.37890625 0.07890625 0.346875
1 0.60234375 0.45390625 0.10078125 0.38515625
3 0.165625 0.47421875 0.02890625 0.03046875
0 0.59453125 0.29140625 0.03515625 0.05546875
0 0.18828125 0.240625 0.0390625 0.06875
0 0.4609375 0.28046875 0.03515625 0.06328125
1 0.18984375 0.40546875 0.11015625 0.41328125
1 0.4546875 0.44296875 0.0953125 0.39375
3 0.08125 0.43046875 0.02578125 0.028125
0 0.33671875 0.25625 0.02578125 0.05
3 0.3125 0.46328125 0.0234375 0.03046875
3 0.5875 0.52734375 0.028125 0.034375
3 0.44296875 0.51796875 0.03046875 0.0390625
0 0.11171875 0.23515625 0.0328125 0.05546875