0 0.6447645374363133 0.728974484907916 0.031959072008272214 0.06239299214211709
3 0.3406839227402693 0.5266137340793465 0.028543170671545236 0.037247442927905536
0 0.4732809834499946 0.8377973289931132 0.13870106269890758 0.24383139081820956
0 0.390232673456358 0.8885657704732767 0.10670562802354437 0.1783133986760923
1 0.6751140140833598 0.582951355462246 0.14015556938254328 0.3688313908182096
1 0.32105322274822357 0.5861535539717226 0.14035556405154317 0.38601889081820956
0 0.6673935154359952 0.7255755031048812 0.035102253341817755 0.06410104135632881
1 0.4917555267345423 0.4941780314315314 0.48351105346908463 0.9883560628630628
0 0.3126332901018135 0.7358453389179107 0.04146134134309047 0.07376713978475227
2 0.8441832821053132 0.7368832225019192 0.03822725334181776 0.06424659057054054
1 0.8666929867520416 0.5888802160917784 0.144915794716725 0.37529971463952716