1 0.21484375 0.4515625 0.4296875 0.903125
3 0.05977494531714293 0.6057169989665427 0.07624325256024875 0.07834763192686936
1 0.7560345662650083 0.46343075992930666 0.17672618387616607 0.35883996071058577
0 0.25039557117374434 0.11533593982753354 0.12647003669052861 0.1648330955329393
0 0.7858270240304591 0.32647441542982464 0.04408319994353036 0.06126713978475227
0 0.2671651131965319 0.03549439019903705 0.10316977360693613 0.0709887803980741
1 0.7055186267742346 0.44786357196379994 0.1344630891660728 0.32882282092583354
0 0.7539700792780136 0.3115964321790477 0.03894067363517095 0.05323631596343468
1 0.46748727673188223 0.41453961145810203 0.12458828925077725 0.2395419971045158
3 0.7191191242139858 0.5220266639820826 0.031598610495108835 0.03419521753501122
3 0.6807314584007355 0.49888241646328196 0.02838260523343692 0.032487168320799495