1 0.5372147354872118 0.36292914136929577 0.19829870089527546 0.6732986346610559
0 0.3604537949283733 0.564040229666398 0.0317063569862416 0.05884921034428636
3 0.38013884546867827 0.3363244574338794 0.03105159255827141 0.040099210344286276
3 0.44997019583149794 0.33015879218760247 0.037301592558271326 0.04031746515360961
3 0.5559225846689051 0.2751935283926044 0.0535813569862416 0.059613102176918176
3 0.6527950954686783 0.34584582349061377 0.037465283665263985 0.04500496515360961
3 0.8588466880269496 0.31393116849595587 0.055252984390903495 0.06279266587924912
1 0.4315078833102935 0.41086315516429395 0.12045640997361726 0.4552182680561673
2 0.43813236162592906 0.6019519466341062 0.0317063569862416 0.05884921034428636
1 0.36658228775679724 0.41094251151756345 0.09445441596406709 0.3809623125212045
0 0.6201809697932971 0.6302108998068163 0.04475199400955017 0.07491071996293322
0 0.8091789824071688 0.6610591396400153 0.06313989546082902 0.10988592068857254
0 0.5276115238769811 0.6379291413692958 0.06604664065150559 0.10374504809323426
1 0.8308184025475871 0.39977689925866217 0.20211318165798176 0.6484623257680484
2 0.40952621198874883 0.5923487681409854 0.0447519940095503 0.07491071996293304
1 0.640282682584654 0.4353621912766286 0.12897823810391848 0.4758035865678217