2 0.334375 0.4083333333333333 0.1609375 0.6305555555555555
0 0.3265625 0.1361111111111111 0.0578125 0.07222222222222222
2 0.453125 0.35555555555555557 0.09375 0.375
2 0.1984375 0.39444444444444443 0.115625 0.4638888888888889
1 0.446875 0.4111111111111111 0.0296875 0.030555555555555555
3 0.6109375 0.18333333333333332 0.0296875 0.05555555555555555
2 0.615625 0.3333333333333333 0.0828125 0.35833333333333334
1 0.3171875 0.5194444444444445 0.046875 0.05555555555555555
0 0.2015625 0.20555555555555555 0.040625 0.08333333333333333
0 0.4515625 0.19722222222222222 0.034375 0.058333333333333334
3 0.321875 0.18888888888888888 0.0546875 0.08055555555555556
1 0.60625 0.39444444444444443 0.0265625 0.03333333333333333