2 0.2 0.48055555555555557 0.11875 0.3527777777777778
1 0.8453125 0.5222222222222223 0.0203125 0.022222222222222223
1 0.36875 0.5944444444444444 0.04375 0.05
1 0.6984375 0.5694444444444444 0.0359375 0.03888888888888889
2 0.70625 0.49722222222222223 0.11875 0.4722222222222222
0 0.2125 0.3388888888888889 0.0296875 0.058333333333333334
3 0.4203125 0.25277777777777777 0.0546875 0.09722222222222222
0 0.85625 0.35 0.0296875 0.04722222222222222
0 0.7078125 0.30277777777777776 0.0375 0.075
2 0.859375 0.4722222222222222 0.0828125 0.2916666666666667
2 0.4203125 0.5027777777777778 0.178125 0.6055555555555555