0 0.21640625 0.24296875 0.02265625 0.046875
1 0.4203125 0.45703125 0.1015625 0.41015625
1 0.04765625 0.42890625 0.0953125 0.421875
1 0.1765625 0.4703125 0.16015625 0.5890625
0 0.15546875 0.221875 0.04765625 0.0859375
0 0.0421875 0.25390625 0.04140625 0.06875
3 0.0125 0.4953125 0.025 0.03671875
3 0.1515625 0.57890625 0.0421875 0.04609375
3 0.40859375 0.509375 0.03125 0.03359375
2 0.4265625 0.28203125 0.0328125 0.05703125
0 0.190625 0.23046875 0.0359375 0.07890625
0 0.23359375 0.2546875 0.02109375 0.04453125