0 0.4203125 0.4083333333333333 0.0453125 0.08333333333333333
1 0.41875 0.7027777777777777 0.0390625 0.041666666666666664
1 0.5421875 0.7055555555555556 0.034375 0.041666666666666664
1 0.084375 0.85 0.0609375 0.07222222222222222
2 0.3171875 0.6777777777777778 0.2109375 0.6305555555555555
2 0.54375 0.6083333333333333 0.1171875 0.4583333333333333
2 0.4359375 0.6277777777777778 0.121875 0.5305555555555556
0 0.5484375 0.4305555555555556 0.040625 0.07222222222222222
0 0.121875 0.3888888888888889 0.0671875 0.11666666666666667
3 0.3046875 0.41944444444444445 0.0625 0.11666666666666667
2 0.13125 0.6555555555555556 0.1828125 0.6666666666666666