3 0.4467686951594446 0.4700910399427299 0.04579717887824373 0.03957157733927232
3 0.24077216417892275 0.07458927796786512 0.05730788896415202 0.05063634667409058
3 0.33835640886339746 0.5792307772915474 0.07515048620519008 0.06333634134309048
3 0.5524609317033189 0.7565365225970941 0.034450243102595125 0.03163180800445424
1 0.41169989710475247 0.2633416006126843 0.6510799796464694 0.32613162141945057
0 0.616935194482076 0.021790994629228993 0.13074538896415203 0.043581989258457986
1 0.4468273281307028 0.5756234246101389 0.6842200282669884 0.3327634294239051
0 0.7039161318396044 0.4991496419080496 0.11643058344622811 0.0763090560152719
2 0.630875943011738 0.1943445105824584 0.09686171189493056 0.06046588001272668
1 0.5079551786511012 0.4592166272676848 0.4306369255988834 0.17209646005727014
0 0.6749855483933764 0.42444054324477687 0.07301477611928178 0.05238066000954507
1 0.5711932423096255 0.6515672119271396 0.4155032485296619 0.1812896467218156
0 0.7246557570089467 0.611476919239368 0.0807453889641522 0.05090906667727228
0 0.6915256744672297 0.5610502052435041 0.08600609905006032 0.06190111067790856
0 0.6360105003386842 0.21773655724859484 0.09957727611928177 0.05268974267981756
0 0.7174065010160529 0.6670638479074134 0.08074538896415202 0.05090906667727228
0 0.739391043643678 0.728564421904868 0.06931656603337348 0.041406797342454206
0 0.6820477758921392 0.4696984992441404 0.07096095318850323 0.04298747867599957
1 0.6234318509706243 0.7533655219207764 0.3323698439616777 0.14440671737745242
1 0.6036649055840371 0.7043467665897762 0.3505466338757694 0.13368739337999785
0 0.7370948812737776 0.6996672625716407 0.06142217887824373 0.03975339067472703
3 0.5070864767057934 0.6663842372692758 0.04061835594746519 0.030142033338636055
3 0.5360646477821209 0.7121689045990032 0.03584896879233561 0.028524989337999785
3 0.26568471223361484 0.28145689596595613 0.06536605042954129 0.05541475334181776