1 0.5625 0.58828125 0.10078125 0.40078125
0 0.13671875 0.36953125 0.04453125 0.08046875
0 0.41640625 0.40390625 0.040625 0.07578125
0 0.5640625 0.4203125 0.0328125 0.06328125
0 0.3609375 0.42734375 0.03125 0.065625
0 0.47109375 0.43046875 0.0265625 0.0515625
1 0.415625 0.60234375 0.11640625 0.48984375
0 0.17109375 0.39453125 0.03203125 0.05546875
1 0.35390625 0.5765625 0.06640625 0.390625
1 0.4796875 0.57265625 0.0671875 0.33984375
0 0.3828125 0.4234375 0.02265625 0.05546875
1 0.18515625 0.56875 0.0765625 0.41640625
3 0.03515625 0.85625 0.06328125 0.078125
3 0.40234375 0.70546875 0.03515625 0.040625
3 0.55546875 0.65234375 0.02890625 0.03046875
1 0.109375 0.63125 0.2171875 0.71484375
0 0.08125 0.34296875 0.07265625 0.125