1 0.9271058960886996 0.46227144383481245 0.12236848145549147 0.37319384727034194
0 0.4849914806665815 0.7640805126600695 0.06207063206674714 0.08461719468185827
3 0.7709787268213942 0.4508271676676275 0.03313340456798421 0.03775760523343692
3 0.9402510272509357 0.40583172803567946 0.03634029172311415 0.03950211575678071
2 0.29220311510817776 0.8241626259977757 0.07760710085908258 0.11356124203690499
0 0.28435963760941496 0.8691566075819243 0.07432497060135787 0.08065773677523325
0 0.5179234893730088 0.7487586205243424 0.057219357756487454 0.08121917889684287
1 0.7964047727283798 0.5189170150085567 0.18100649705932384 0.36258954721387227
1 0.473969850747541 0.5706644416274995 0.2560618080043147 0.4869062787274336
1 0.22705722919624344 0.5719561129141832 0.41077804273916685 0.734250257539572
3 0.44093602272837984 0.498213317978211 0.04612472749876275 0.04786064732681172
3 0.13874940298610458 0.4477002945830364 0.07087242198083885 0.07422572625188942
0 0.8290424530769617 0.6587376491811888 0.04694359905006031 0.0634856473268119