3 0.5328545845840871 0.5675946227220828 0.03412202885594055 0.03826371941479181
0 0.5827206314113769 0.7490978894395829 0.03935516587924912 0.05399782218833345
0 0.6706571410300237 0.7345613043334717 0.03801092068857255 0.06021145459715278
0 0.6917236091788583 0.7348515918525341 0.0379563569862416 0.05864895459715278
0 0.40984363740182667 0.8264994568782635 0.05930556733052792 0.08880923328249998
2 0.42570673957874494 0.7746096485576386 0.08227184137714509 0.12056837955902786
1 0.6570088471979588 0.5889039654276382 0.1771032248570746 0.37725609707395835
1 0.37240815790506476 0.5572779846136802 0.32286219127662863 0.6616700775066668
1 0.5561358279606651 0.616231491263194 0.15391869600113406 0.33924695079743084
3 0.3196874403892024 0.43516790169177055 0.05837798439090332 0.06224673328249999
3 0.6345187775051782 0.5176108468865273 0.03261409255827132 0.039789851823611146