2 0.3078125 0.4722222222222222 0.0796875 0.30277777777777776
3 0.121875 0.6138888888888889 0.046875 0.044444444444444446
2 0.1765625 0.4888888888888889 0.171875 0.6888888888888889
2 0.60625 0.48333333333333334 0.1265625 0.4722222222222222
0 0.1828125 0.20833333333333334 0.059375 0.11666666666666667
1 0.6 0.5833333333333334 0.0328125 0.03888888888888889
0 0.603125 0.28888888888888886 0.0453125 0.07777777777777778
1 0.959375 0.6 0.0265625 0.03333333333333333
0 0.315625 0.35 0.0265625 0.05
0 0.9734375 0.33611111111111114 0.034375 0.058333333333333334
2 0.9515625 0.4861111111111111 0.0953125 0.3638888888888889