2 0.821875 0.2638888888888889 0.0625 0.26944444444444443
0 0.64375 0.13055555555555556 0.0296875 0.04722222222222222
2 0.0921875 0.2638888888888889 0.10625 0.32222222222222224
2 0.18125 0.28055555555555556 0.0796875 0.48333333333333334
0 0.0984375 0.1388888888888889 0.028125 0.044444444444444446
2 0.55 0.3138888888888889 0.125 0.46111111111111114
0 0.196875 0.09166666666666666 0.0390625 0.07777777777777778
2 0.2828125 0.4361111111111111 0.23125 0.8694444444444445
0 0.8296875 0.1527777777777778 0.021875 0.044444444444444446
0 0.5484375 0.12222222222222222 0.040625 0.07222222222222222
2 0.646875 0.26666666666666666 0.078125 0.3277777777777778
1 0.5359375 0.42777777777777776 0.0359375 0.044444444444444446
1 0.81875 0.325 0.021875 0.027777777777777776
1 0.6328125 0.31666666666666665 0.0234375 0.030555555555555555