0 0.075 0.15 0.0359375 0.07777777777777778
0 0.765625 0.19444444444444445 0.0265625 0.05555555555555555
1 0.5578125 0.38055555555555554 0.0265625 0.030555555555555555
1 0.7390625 0.4166666666666667 0.028125 0.030555555555555555
0 0.5703125 0.2 0.028125 0.05
2 0.5703125 0.33611111111111114 0.0890625 0.3388888888888889
2 0.7453125 0.35 0.0984375 0.36944444444444446
2 0.0578125 0.3527777777777778 0.115625 0.5027777777777778
2 0.4375 0.33055555555555555 0.071875 0.25277777777777777
0 0.040625 0.15 0.040625 0.09166666666666666
0 0.4375 0.22777777777777777 0.0234375 0.044444444444444446
0 0.7484375 0.19444444444444445 0.025 0.05555555555555555