1 0.4359375 0.5444444444444444 0.028125 0.03611111111111111
2 0.315625 0.45555555555555555 0.1234375 0.48055555555555557
2 0.446875 0.44166666666666665 0.096875 0.39166666666666666
1 0.0734375 0.5111111111111111 0.0375 0.03611111111111111
2 0.10625 0.42777777777777776 0.13125 0.5388888888888889
0 0.184375 0.24166666666666667 0.0375 0.06666666666666667
2 0.546875 0.4361111111111111 0.0765625 0.31666666666666665
0 0.45 0.2777777777777778 0.0328125 0.05555555555555555
2 0.1953125 0.41388888888888886 0.0875 0.4222222222222222
0 0.5484375 0.3055555555555556 0.03125 0.05277777777777778
1 0.5390625 0.4861111111111111 0.0234375 0.027777777777777776
0 0.10625 0.2 0.04375 0.08333333333333333
1 0.296875 0.5416666666666666 0.0375 0.04722222222222222
3 0.3171875 0.25555555555555554 0.0390625 0.06944444444444445