3 0.253125 0.25 0.0296875 0.06388888888888888
0 0.0703125 0.22777777777777777 0.034375 0.075
2 0.565625 0.425 0.0703125 0.3138888888888889
3 0.56875 0.2972222222222222 0.0203125 0.05
0 0.0328125 0.19722222222222222 0.053125 0.09166666666666666
1 0.2546875 0.4666666666666667 0.028125 0.030555555555555555
2 0.2625 0.4 0.1 0.36944444444444446
2 0.3953125 0.4027777777777778 0.0734375 0.30833333333333335
2 0.0796875 0.48055555555555557 0.159375 0.6666666666666666
0 0.275 0.24444444444444444 0.028125 0.05555555555555555
0 0.1015625 0.23055555555555557 0.0375 0.06944444444444445
1 0.38125 0.45555555555555555 0.021875 0.025
0 0.3953125 0.2777777777777778 0.0296875 0.05277777777777778