2 0.5182105807606321 0.6803134814795482 0.03493862133990877 0.04923758700597229
0 0.7007503607574505 0.652620973311423 0.038027258672817865 0.04618532218833345
1 0.6609964227402694 0.5269494792953466 0.15845103604390723 0.32703789152687507
1 0.7408560980664969 0.47273279834954796 0.19073737205599742 0.4168277433504862
1 0.8631583594048149 0.5066148762374645 0.15710671204645266 0.3457515239356946
3 0.4841157494032241 0.5037152670987496 0.030051126670908878 0.03194098423243048
3 0.7383663500556793 0.3930816659407286 0.041170440006363405 0.0478205573706945
3 0.6642390540658607 0.46982731031739533 0.03323067067154532 0.036701219414791805
2 0.6863878687539505 0.627167031632048 0.03501134667409058 0.0554875870059723
1 0.4886038020766783 0.5536243481207983 0.16161239871099795 0.3302356267092364
0 0.8975344540897231 0.6402261568226729 0.04129770934118149 0.058758057370694415
0 0.7716804787555414 0.6369037479127078 0.04763861600890866 0.06671602773541671
3 0.8672367847310426 0.45416202346392287 0.030032945337363514 0.03037848423243066