2 0.3375 0.5 0.1375 0.5555555555555556
0 0.628125 0.2777777777777778 0.0203125 0.03611111111111111
2 0.6265625 0.4027777777777778 0.0921875 0.3
1 0.6203125 0.4527777777777778 0.0203125 0.022222222222222223
0 0.1546875 0.32222222222222224 0.028125 0.06111111111111111
0 0.4328125 0.2777777777777778 0.028125 0.05
2 0.15625 0.4638888888888889 0.0953125 0.3416666666666667
0 0.328125 0.26944444444444443 0.05 0.08333333333333333
2 0.4390625 0.42777777777777776 0.0828125 0.35555555555555557
1 0.421875 0.5 0.025 0.030555555555555555
1 0.30625 0.5777777777777777 0.0453125 0.05