0 0.8447020260472087 0.7399339886229512 0.04416815651766228 0.07391268899896417
0 0.05818780912649994 0.7384482239451521 0.04106133723582166 0.07689213978475226
3 0.7629151739806639 0.5096235963569996 0.03459316861791066 0.03910104135632882
0 0.15992302594901267 0.7728660734070328 0.0600022347764936 0.11057793507002263
0 0.8087827067653677 0.7413851726595165 0.036319295081344107 0.06729881596343468
3 0.44755327351312585 0.40589701302516934 0.048801114363184794 0.06475601282028158
1 0.18672992388246812 0.5476135163349383 0.3707509207592101 0.6296020326698765
1 0.055375384753052516 0.5235316993380462 0.1077145895735127 0.5251883986760925
2 0.46688609825591554 0.7754475337033337 0.0725022347764936 0.11116013192686935
1 0.4709185715213359 0.5288272448282043 0.2331963786047325 0.613822867244561
1 0.8023140172666098 0.569255461534646 0.1556248487468949 0.43681941149637404