0 0.7094929659044475 0.7024876930907271 0.049010244317957155 0.03450397477225646
1 0.5862120097392326 0.17037954282057463 0.7974240194784652 0.32766379708174387
1 0.610350308031654 0.6139212116950487 0.37778190097293474 0.17247028855940538
1 0.5548793782414679 0.7907813228576416 0.3664546631477993 0.2392212789407587
1 0.6068764805149441 0.683288770588056 0.2629557418823252 0.12473713828925295
0 0.7632940758885616 0.6536161726723071 0.05536933847375849 0.04097222958158007
3 0.5475093887947747 0.5922074136018144 0.03494774431795715 0.034012901451278846
3 0.4793971737011061 0.04484877476440731 0.07129434740221222 0.05870536660488851
3 0.47486459577406387 0.769248574038768 0.03648297077900686 0.03250496515360979
0 0.6927612077867727 0.8174579286627569 0.05849433847375849 0.0410813569862416
1 0.6818808400953162 0.3283135831092606 0.23176028896022594 0.1267708642426358
3 0.5408014671222636 0.6552158450901601 0.028561376623205348 0.02598214664195524
0 0.7681728961016707 0.35162708673745763 0.042651150162155815 0.028035719962933036
1 0.6483764135515411 0.55591030425332 0.1952500446422686 0.09270339908902621
0 0.7228678989410444 0.5741270801140357 0.03631932954530477 0.02312996515360961
0 0.8422944143656153 0.2144569581516696 0.16904210064862327 0.11208831614940155