0 0.3125 0.2916666666666667 0.0265625 0.05555555555555555
1 0.646875 0.4583333333333333 0.0234375 0.030555555555555555
2 0.5078125 0.5111111111111111 0.3375 0.9583333333333334
0 0.4875 0.17222222222222222 0.1046875 0.21666666666666667
2 0.1375 0.4361111111111111 0.0921875 0.34444444444444444
3 0.14375 0.29444444444444445 0.0296875 0.058333333333333334
0 0.5609375 0.1111111111111111 0.08125 0.16944444444444445
2 0.321875 0.42777777777777776 0.0890625 0.33611111111111114
2 0.659375 0.4 0.0859375 0.35555555555555557
0 0.6515625 0.25555555555555554 0.03125 0.06666666666666667
0 0.334375 0.2861111111111111 0.0234375 0.05555555555555555