3 0.5140625 0.38333333333333336 0.021875 0.03888888888888889
3 0.3625 0.4 0.021875 0.05
1 0.2453125 0.6888888888888889 0.046875 0.04722222222222222
3 0.1109375 0.4722222222222222 0.021875 0.04722222222222222
1 0.5125 0.5666666666666667 0.021875 0.027777777777777776
1 0.6953125 0.5805555555555556 0.0265625 0.03333333333333333
2 0.3625 0.5111111111111111 0.0625 0.2777777777777778
0 0.115625 0.40555555555555556 0.028125 0.058333333333333334
2 0.51875 0.5055555555555555 0.065625 0.28055555555555556
3 0.246875 0.3388888888888889 0.05 0.09444444444444444
2 0.1125 0.5388888888888889 0.0875 0.3277777777777778
2 0.2640625 0.5944444444444444 0.159375 0.6194444444444445