1 0.225 0.625 0.0328125 0.03888888888888889
0 0.2421875 0.3388888888888889 0.04375 0.08333333333333333
1 0.315625 0.5611111111111111 0.025 0.027777777777777776
2 0.240625 0.5472222222222223 0.11875 0.5083333333333333
2 0.1125 0.5722222222222222 0.2234375 0.8416666666666667
2 0.4375 0.5055555555555555 0.075 0.2916666666666667
0 0.325 0.38055555555555554 0.028125 0.05
0 0.4328125 0.38055555555555554 0.0234375 0.041666666666666664
0 0.0703125 0.25555555555555554 0.1 0.2
2 0.321875 0.5111111111111111 0.0625 0.3194444444444444
1 0.425 0.5666666666666667 0.0234375 0.027777777777777776