1 0.09140625 0.40078125 0.15390625 0.45859375
2 0.31328125 0.22578125 0.0703125 0.14140625
1 0.43984375 0.3515625 0.08828125 0.3703125
2 0.753125 0.26171875 0.02734375 0.06484375
2 0.43125 0.2078125 0.02890625 0.06875
0 0.74765625 0.23046875 0.03046875 0.053125
0 0.646875 0.19453125 0.01875 0.0453125
2 0.253125 0.1890625 0.078125 0.1296875
0 0.12421875 0.2109375 0.03046875 0.07578125
0 0.63203125 0.19453125 0.02421875 0.046875
3 0.62578125 0.37734375 0.021875 0.0265625
0 0.09453125 0.2203125 0.04140625 0.08359375
3 0.7421875 0.45078125 0.0265625 0.03359375
3 0.2609375 0.75625 0.07265625 0.0765625
1 0.75 0.36171875 0.0890625 0.3265625
1 0.3015625 0.5578125 0.2921875 0.875
1 0.63671875 0.3234375 0.08203125 0.30859375