3 0.54235675486124 0.3491435654712117 0.049004066033373664 0.040897710772388504
3 0.6270504166653136 0.5792537671684139 0.03584896879233561 0.02832498789975162
1 0.6402962878779268 0.370019667734148 0.5188053109449908 0.12329413777811463
1 0.6840783446390463 0.5944247700952803 0.360835680687266 0.08957260187015273
1 0.6460848631835545 0.22712818578632482 0.3030231806872662 0.089236258584207
0 0.764671088873295 0.22469405307637577 0.0559976944820761 0.02531816256778665
0 0.8211689088633974 0.5874122216942865 0.05945024310259513 0.031586343285945874
0 0.8539902956798429 0.3642337969280557 0.08346095318850359 0.042660198672140125
1 0.6270272467206397 0.13173387255460822 0.43640224672063965 0.1306248487468949
0 0.8416828047249545 0.6062758511827818 0.04514208163720568 0.026817030054229286
2 0.803552125169342 0.11714062831014485 0.08313340456798421 0.036410198672140126
2 0.804122013228983 0.14291733313060503 0.057478307326946435 0.023764752926866216