2 0.359375 0.5583333333333333 0.134375 0.5138888888888888
0 0.36875 0.35555555555555557 0.046875 0.08055555555555556
1 0.2640625 0.5444444444444444 0.0234375 0.027777777777777776
2 0.275 0.48055555555555557 0.0640625 0.29444444444444445
1 0.446875 0.5944444444444444 0.0265625 0.030555555555555555
1 0.6046875 0.5694444444444444 0.021875 0.027777777777777776
3 0.0640625 0.325 0.096875 0.14444444444444443
0 0.3296875 0.3527777777777778 0.0234375 0.041666666666666664
0 0.3625 0.3277777777777778 0.0484375 0.06111111111111111
0 0.45 0.37777777777777777 0.0265625 0.05555555555555555
0 0.603125 0.3888888888888889 0.0265625 0.041666666666666664
1 0.046875 0.6722222222222223 0.0484375 0.05277777777777778
1 0.346875 0.65 0.040625 0.044444444444444446
2 0.6046875 0.5111111111111111 0.06875 0.2916666666666667
2 0.0875 0.5722222222222222 0.175 0.6611111111111111
0 0.1328125 0.3416666666666667 0.0375 0.06666666666666667
0 0.278125 0.35833333333333334 0.025 0.044444444444444446
0 0.15625 0.33055555555555555 0.028125 0.058333333333333334
2 0.45625 0.5194444444444445 0.0734375 0.3527777777777778
0 0.475 0.375 0.028125 0.05555555555555555
2 0.165625 0.5055555555555555 0.0921875 0.41944444444444445