1 0.7421875 0.4083333333333333 0.0265625 0.03333333333333333
0 0.79375 0.19722222222222222 0.0265625 0.05
2 0.7984375 0.3277777777777778 0.065625 0.31666666666666665
2 0.3171875 0.3527777777777778 0.09375 0.33611111111111114
2 0.75 0.35 0.075 0.35555555555555557
2 0.13125 0.3638888888888889 0.1296875 0.49166666666666664
0 0.7515625 0.20555555555555555 0.028125 0.05555555555555555
0 0.31875 0.21666666666666667 0.028125 0.058333333333333334
0 0.1453125 0.16111111111111112 0.04375 0.08055555555555556
2 0.6171875 0.3111111111111111 0.0671875 0.24166666666666667
0 0.6203125 0.21944444444444444 0.021875 0.044444444444444446