1 0.3280159388295579 0.4872535185431561 0.1003224700477511 0.3676965601084586
0 0.4834177453603126 0.6410683440715127 0.03488592068857255 0.0595658975406721
1 0.8204737681409853 0.4261842083365016 0.30635428147264737 0.8523684166730032
1 0.4246156311176768 0.4116762807416004 0.20100206024376988 0.5666794816532356
3 0.4876339862898199 0.4261564163784156 0.032450401451278664 0.03455680718159222
3 0.42856403193598347 0.3233541241257421 0.04560516587924912 0.05337953005422928
0 0.4382416546161398 0.6452382144848217 0.0547271947351895 0.09092498184962743
0 0.8432515915467811 0.7640002873808998 0.10583831614940173 0.16776928298109545
1 0.6767064099736173 0.4477172781093217 0.1554514580668515 0.5148624515990063
2 0.694174196085952 0.6570331907753042 0.04324405771188111 0.07523634933607007
3 0.7069345685964723 0.3287672902095701 0.03924603847458741 0.05021816861791084
3 0.32898567258748906 0.42551658782499685 0.023075401451278843 0.03450226502711473
0 0.3348438361044854 0.6380256781840765 0.03499504809323426 0.06269089754067192
0 0.38109135352768064 0.619784217411688 0.043080366604888454 0.07054884933607006