2 0.4171875 0.5027777777777778 0.059375 0.2833333333333333
0 0.409375 0.38333333333333336 0.0234375 0.044444444444444446
0 0.290625 0.36944444444444446 0.03125 0.05555555555555555
0 0.0953125 0.4111111111111111 0.0203125 0.041666666666666664
2 0.3625 0.5472222222222223 0.1171875 0.4666666666666667
2 0.08125 0.5111111111111111 0.071875 0.25
2 0.76875 0.5222222222222223 0.0953125 0.36944444444444446
2 0.15 0.5277777777777778 0.0953125 0.3472222222222222
1 0.2734375 0.5916666666666667 0.028125 0.03333333333333333
1 0.34375 0.6222222222222222 0.0359375 0.03888888888888889
1 0.753125 0.5777777777777777 0.028125 0.030555555555555555
3 0.73125 0.37222222222222223 0.0203125 0.05555555555555555
0 0.353125 0.35555555555555557 0.040625 0.07777777777777778
2 0.2859375 0.525 0.06875 0.37777777777777777
0 0.7625 0.37222222222222223 0.03125 0.058333333333333334
0 0.1515625 0.3861111111111111 0.0296875 0.06111111111111111