2 0.0890625 0.48333333333333334 0.1625 0.5305555555555556
0 0.8171875 0.2777777777777778 0.034375 0.06388888888888888
3 0.5390625 0.275 0.040625 0.08333333333333333
1 0.553125 0.5527777777777778 0.034375 0.044444444444444446
1 0.75625 0.49444444444444446 0.0296875 0.03333333333333333
2 0.7875 0.43333333333333335 0.10625 0.3972222222222222
2 0.2421875 0.5444444444444444 0.21875 0.7861111111111111
2 0.55 0.4527777777777778 0.1359375 0.45
1 0.175 0.6444444444444445 0.059375 0.06944444444444445
3 0.2125 0.21944444444444444 0.0671875 0.12777777777777777
0 0.115625 0.26666666666666666 0.046875 0.08611111111111111
0 0.778125 0.26944444444444443 0.03125 0.058333333333333334