1 0.5063097770698266 0.2565452358807421 0.5597062275829169 0.23176475785105186
1 0.6300817707046533 0.636797374043975 0.3324514369297223 0.1283429264973858
3 0.4844036351617018 0.5245510897999504 0.04153418977951393 0.04024456677218957
0 0.7222796159756599 0.23149845711350073 0.10617857123840295 0.06710859514371963
2 0.6994590586049655 0.19150995460621825 0.0855023953265972 0.0508925617576248
0 0.7634027637707991 0.6211914429277356 0.05388871941479181 0.03435827962517131
3 0.41197789561093767 0.23427308227810295 0.04956489532659734 0.04984688730530316
3 0.5805902637707991 0.6265107434025895 0.03346711664125017 0.029079746239076342
0 0.7383637833380907 0.48589044042045326 0.07605466014423605 0.04749477711788863
0 0.7745194888851741 0.4942197659681316 0.06984102773541671 0.04887542069139794
1 0.5626377379352435 0.5269653844688162 0.5041459053945836 0.192673514119258