0 0.36047594908796654 0.23063125673042456 0.02997134288963732 0.046130853919208195
1 0.5098433018262545 0.5290507216949771 0.39805535878133025 0.9214397086298393
2 0.5550443497725386 0.3006612972426554 0.08748936562705048 0.1554891335443794
1 0.1921875 0.484375 0.384375 0.96875
0 0.6070763764642843 0.17273487404397497 0.10193386760421674 0.16527331050398356
3 0.03471726232010863 0.7290593626946968 0.06943452464021727 0.11688127461060631
2 0.16326932114080753 0.056175792161583485 0.11096135771838496 0.11235158432316697
3 0.4118607410655704 0.42499737067876264 0.037592841901054184 0.041670674452321775
2 0.46935354197760387 0.1822044654267709 0.0467423488211363 0.07471049498543506
1 0.34080809482962265 0.3303046477966514 0.10868788638729701 0.25442673871722893
1 0.43891267239622084 0.35476142702611113 0.1740767589344296 0.44204641066226813
0 0.22094255828922624 0.11218043659302257 0.10091519566510643 0.14027331050398356