1 0.7755823923863752 0.5000324265884579 0.12421771615168672 0.30069782092583347
3 0.02121262420857718 0.6353767278740935 0.04242524841715436 0.05047518899896399
3 0.35141145500192966 0.5592895326698765 0.02581835391920828 0.029289393713693813
0 0.7899297003830761 0.383354348838199 0.031324207838416565 0.05763271753501131
1 0.0656668009370721 0.5415197200162106 0.1313336018741442 0.5517894400324213
1 0.46641667788404095 0.6254838052100677 0.2785274122451137 0.7490323895798646
0 0.03293555430228439 0.3199336643918581 0.05415395407749283 0.09146406203449331
2 0.4815321786754637 0.3353512266312392 0.06439277210332364 0.1215882096771285
0 0.35806593494366995 0.38436230727698234 0.02944345909205772 0.04662244292790545
1 0.35980662820061005 0.5127420184018529 0.09944503668480013 0.3073459272121397
2 0.4677160680923379 0.4606594416850512 0.07900084138279588 0.1409931811410811