1 0.7078125 0.55 0.021875 0.027777777777777776
0 0.921875 0.2916666666666667 0.025 0.08055555555555556
1 0.2421875 0.9 0.1 0.10833333333333334
0 0.946875 0.2861111111111111 0.04375 0.08333333333333333
0 0.8015625 0.3388888888888889 0.034375 0.06111111111111111
2 0.7078125 0.4638888888888889 0.1046875 0.3138888888888889
0 0.3421875 0.1527777777777778 0.109375 0.19166666666666668
2 0.3578125 0.5222222222222223 0.3515625 0.9277777777777778
2 0.803125 0.5055555555555555 0.1 0.40555555555555556
2 0.9296875 0.5055555555555555 0.1390625 0.525
1 0.78125 0.5611111111111111 0.03125 0.03333333333333333
1 0.9234375 0.6694444444444444 0.0375 0.044444444444444446