0 0.4156895205032381 0.2584918322781029 0.04582342068857255 0.06064799498543509
1 0.36925849772256536 0.47412284395658544 0.22330859146196308 0.44979672618081656
1 0.8723214333024443 0.3441850105578553 0.25535713339511157 0.6059390775927425
1 0.7041940037130151 0.3908650969260863 0.2621181203179036 0.4883878647397609
1 0.45224955779669906 0.3872473180923379 0.1631300048941414 0.33566001834240006
1 0.583239152169069 0.4655505113492781 0.3273860001696359 0.6588655007914228
1 0.14841028438305415 0.4875872650436948 0.13422126569391465 0.2676996285298145
0 0.5134896142426358 0.21497986150756265 0.08221727767481415 0.11946070533113406
3 0.6421181335647475 0.5615927855641729 0.06490080290255769 0.07056856426490725
0 0.8454538876562807 0.11382156063699755 0.08194445916315977 0.11164820533113406
3 0.4022644598809501 0.5458925438774431 0.04371528366526398 0.04497753087881229
0 0.6315674916472975 0.21467232145755025 0.060704376223535306 0.0844946719450392
0 0.12053576632688681 0.3836044586963464 0.03283234736759484 0.04622178213245363
0 0.3233581767638403 0.3018446786754638 0.05423612141421197 0.0780628155185485
3 0.7472297302993701 0.48111201220720795 0.047003974772256464 0.049755959092057725
3 0.9729228951867519 0.4189373064803624 0.0541542096264962 0.05949467194503928
2 0.6669147146054556 0.21911812905853992 0.050892866604888454 0.07172188730530307
3 0.1696503673226787 0.5135587316575999 0.024310519237293705 0.02568196159934022
3 0.4772148414619631 0.43031535649299774 0.030669646641955418 0.02898881802583091