1 0.6140625 0.390625 0.0734375 0.29375
1 0.76015625 0.4046875 0.12109375 0.26328125
3 0.35 0.53203125 0.03828125 0.03984375
0 0.61640625 0.26640625 0.02421875 0.03984375
1 0.28125 0.3875 0.06796875 0.21015625
0 0.75390625 0.29609375 0.02265625 0.04140625
0 0.37890625 0.2390625 0.03984375 0.07890625
0 0.28515625 0.303125 0.01953125 0.03828125
0 0.39609375 0.2640625 0.04921875 0.09296875
3 0.7578125 0.46875 0.01953125 0.02421875
3 0.61015625 0.44453125 0.021875 0.02421875
1 0.37421875 0.44921875 0.14609375 0.51171875