1 0.39375 0.6194444444444445 0.0203125 0.027777777777777776
1 0.059375 0.6944444444444444 0.0375 0.04722222222222222
3 0.05625 0.45555555555555555 0.034375 0.06388888888888888
0 0.071875 0.4111111111111111 0.040625 0.06666666666666667
0 0.45 0.44166666666666665 0.0328125 0.05555555555555555
0 0.5546875 0.44722222222222224 0.028125 0.05277777777777778
0 0.3328125 0.4305555555555556 0.0328125 0.058333333333333334
2 0.5578125 0.5777777777777777 0.075 0.3194444444444444
2 0.4578125 0.5972222222222222 0.09375 0.375
2 0.08125 0.6277777777777778 0.1515625 0.5
2 0.334375 0.5777777777777777 0.09375 0.3527777777777778
1 0.45 0.6611111111111111 0.0296875 0.03611111111111111
1 0.328125 0.6611111111111111 0.0265625 0.03333333333333333
1 0.55 0.6722222222222223 0.0234375 0.030555555555555555
2 0.4015625 0.5666666666666667 0.0546875 0.3055555555555556
0 0.403125 0.4388888888888889 0.0265625 0.03888888888888889