1 0.6185121460886996 0.4107537520431035 0.3218417797373263 0.15026466217500314
1 0.6491114501362856 0.2593230622497579 0.3051389586155702 0.18921807786604777
3 0.39709973428462614 0.6392231439264346 0.05262038896415202 0.050290891490547905
0 0.7428194272963641 0.43961052594901273 0.047114017412854634 0.034638620413308986
1 0.5197382948909327 0.7446560533709634 0.23615658525525038 0.12477378278470379
0 0.755163376300996 0.29354404702625153 0.050157130257724704 0.03309430113146812
0 0.6971097003634281 0.6855133784083407 0.09217421189493055 0.05989315046753809
0 0.6047340926069407 0.7631247731203423 0.04374335594746519 0.029932939695149586
0 0.6780255076903744 0.6619577037403056 0.11001680913596842 0.0724931444174139
3 0.5842234345324533 0.24487876716841397 0.0309976944820761 0.025172716822512698
3 0.563616606174608 0.39949354429577705 0.03107958163720568 0.026735216822512786
1 0.4871891457500153 0.6350583395735127 0.5659746393028364 0.2782088967551051