1 0.90078125 0.3640625 0.196875 0.409375
1 0.30078125 0.41796875 0.140625 0.58359375
1 0.1515625 0.45546875 0.1765625 0.76875
2 0.53515625 0.2 0.034375 0.05546875
0 0.1359375 0.13046875 0.0640625 0.11640625
1 0.378125 0.3734375 0.10078125 0.45859375
0 0.35703125 0.18046875 0.03828125 0.06875
1 0.53515625 0.36796875 0.10078125 0.39375
3 0.521875 0.45859375 0.03203125 0.0390625
3 0.1015625 0.575 0.06015625 0.06875
0 0.9125 0.19453125 0.03828125 0.06796875
0 0.2890625 0.17265625 0.05390625 0.09140625
3 0.265625 0.50703125 0.04765625 0.053125
2 0.9484375 0.215625 0.02890625 0.06796875