1 0.559375 0.31796875 0.19765625 0.6234375
1 0.8265625 0.2234375 0.06953125 0.284375
1 0.66484375 0.2234375 0.07421875 0.29296875
2 0.56875 0.05703125 0.05234375 0.0953125
1 0.23203125 0.2484375 0.14375 0.37578125
3 0.49609375 0.415625 0.04921875 0.05390625
0 0.8203125 0.10703125 0.02578125 0.04921875
0 0.6640625 0.103125 0.02578125 0.05078125
0 0.265625 0.09140625 0.0296875 0.05625
3 0.8109375 0.2625 0.02265625 0.0234375
3 0.64609375 0.27109375 0.0234375 0.025
0 0.2375 0.096875 0.03125 0.0609375