0 0.2775301604285766 0.23980519796309263 0.029325130508958352 0.05188976400381797
0 0.32204322663298635 0.23850577995704744 0.02917966014423614 0.04563976400381797
0 0.26116027801975716 0.24155860196531975 0.029325130508958352 0.05188976400381797
0 0.45127547853284733 0.1838626386060028 0.038700130508958354 0.05199885200509069
0 0.9260566197753821 0.13535767254141487 0.07369468597979179 0.14613066000954503
3 0.35905553020395864 0.38498988128582035 0.025654616641249996 0.028415901336727067
1 0.478604963999549 0.38438025926959385 0.1969932477188893 0.4771635786919079
1 0.28427308254066 0.36163474462922895 0.11330531268902799 0.3043613306810903
1 0.8817045948897568 0.48818322788036916 0.23659081022048617 0.9215135626989076
3 0.5104927032659726 0.47856606393223033 0.04004442496187508 0.04264203333863605
3 0.30753005100552117 0.4207552059595928 0.025727351823611144 0.031540901336727246
1 0.34095884042444474 0.34612737595482024 0.10156772568305579 0.2698590613462722
2 0.442137521085903 0.2277308172740482 0.05992182028847228 0.09129770934118146