1 0.3046875 0.5527777777777778 0.0296875 0.03333333333333333
0 0.228125 0.3416666666666667 0.0234375 0.044444444444444446
0 0.3484375 0.3527777777777778 0.021875 0.05277777777777778
2 0.2375 0.46944444444444444 0.0703125 0.3388888888888889
0 0.1609375 0.2916666666666667 0.0390625 0.04722222222222222
0 0.028125 0.28888888888888886 0.05625 0.10555555555555556
2 0.15625 0.5166666666666667 0.1296875 0.5111111111111111
0 0.321875 0.3472222222222222 0.0375 0.06388888888888888
2 0.3265625 0.5 0.096875 0.37222222222222223
2 0.0578125 0.5777777777777777 0.115625 0.6944444444444444
1 0.134375 0.5944444444444444 0.0375 0.041666666666666664