2 0.3015625 0.35833333333333334 0.0671875 0.2777777777777778
1 0.6875 0.375 0.021875 0.025
0 0.30625 0.25 0.0234375 0.05555555555555555
1 0.371875 0.5138888888888888 0.04375 0.05555555555555555
0 0.98125 0.15833333333333333 0.034375 0.08333333333333333
0 0.390625 0.19444444444444445 0.053125 0.10277777777777777
3 0.3890625 0.20555555555555555 0.05 0.10555555555555556
0 0.390625 0.18055555555555555 0.053125 0.06944444444444445
0 0.6890625 0.18888888888888888 0.028125 0.04722222222222222
2 0.934375 0.39166666666666666 0.1296875 0.5777777777777777
2 0.6953125 0.31666666666666665 0.0734375 0.30833333333333335
2 0.4 0.4305555555555556 0.165625 0.6027777777777777