1 0.6265625 0.65 0.0515625 0.05555555555555555
2 0.034375 0.5111111111111111 0.06875 0.4
3 0.1453125 0.24722222222222223 0.053125 0.10277777777777777
1 0.0625 0.6305555555555555 0.0484375 0.05
0 0.0296875 0.3472222222222222 0.034375 0.06944444444444445
0 0.65625 0.28055555555555556 0.0546875 0.10277777777777777
2 0.13125 0.5166666666666667 0.1875 0.6555555555555556
0 0.2875 0.20833333333333334 0.065625 0.13055555555555556
2 0.29375 0.5527777777777778 0.19375 0.825
2 0.665625 0.5416666666666666 0.18125 0.6444444444444445
1 0.23125 0.6888888888888889 0.0625 0.075