3 0.29470339589527816 0.45036890159486126 0.022493249050069507 0.02707164627652787
3 0.2568949245806254 0.46979039561093766 0.02725348423243057 0.030305749050069507
1 0.378351044071667 0.4210827515186114 0.11904747283326422 0.3510195989738195
1 0.18589013392743087 0.3713152215989932 0.06922669794763907 0.22336607123840285
1 0.2478095588893059 0.4149210576550349 0.09691789969500028 0.3395729526972918
1 0.43856119224805584 0.39125108757465316 0.07158928495361146 0.2577774388295834
0 0.42673137984336834 0.2855641320275698 0.024346689779513753 0.03960801386770836
0 0.383544424296285 0.27518902327010447 0.027580792553055566 0.04436824905006951
0 0.26428593123013916 0.28412565254479183 0.026091027735416716 0.04745688145888884
1 0.2816754126127781 0.3938461446610072 0.06621210714194473 0.2951319684648611
3 0.1891248899113545 0.40965102298576406 0.017660278685347208 0.02071254350298619
0 0.23536149743454882 0.2826716021079516 0.03739220364722229 0.06333645459715279
0 0.17753081363895856 0.280544751234271 0.01951371941479172 0.03324891109416672
0 0.3641404608654169 0.2802031783803475 0.026200130508958353 0.05214438145888885
3 0.4041336004924309 0.48883394918191003 0.027253484232430524 0.030305749050069507
3 0.4519885658231601 0.43138577830409763 0.022493249050069507 0.02707164627652787