2 0.3015625 0.36944444444444446 0.15625 0.6
2 0.7984375 0.49722222222222223 0.2734375 0.9916666666666667
0 0.30625 0.11666666666666667 0.0546875 0.08888888888888889
2 0.45625 0.30277777777777776 0.06875 0.35
0 0.5640625 0.09166666666666666 0.0734375 0.15
1 0.5171875 0.5888888888888889 0.065625 0.06666666666666667
1 0.44375 0.37777777777777777 0.025 0.027777777777777776
3 0.4625 0.1638888888888889 0.03125 0.058333333333333334
0 0.6890625 0.16666666666666666 0.028125 0.05
1 0.68125 0.3527777777777778 0.025 0.027777777777777776
2 0.6875 0.3055555555555556 0.06875 0.3416666666666667
3 0.3109375 0.19444444444444445 0.0546875 0.08333333333333333
1 0.2671875 0.4861111111111111 0.0453125 0.05277777777777778
2 0.5640625 0.4527777777777778 0.2 0.875
0 0.821875 0.08055555555555556 0.0859375 0.16111111111111112