1 0.6016847414016205 0.7626047011394951 0.4541091892790122 0.22270525992301274
0 0.727535338883724 0.6484851458160182 0.09582771046687384 0.0662563527754692
1 0.5547117598880591 0.6921038587441493 0.48950065770898127 0.2147946008354838
0 0.7689863624906602 0.7312313202265864 0.060087631541796326 0.04141817885919252
0 0.7691382809347467 0.7070762372227808 0.08103716837349921 0.053183349809719616
3 0.5972680701149368 0.9964107208739774 0.053200594710093266 0.007178558252045164
2 0.7042504863517103 0.5430973088578799 0.10869173151356151 0.07301568874502422
0 0.8439540833397036 0.947840500074362 0.07983868942018653 0.05936968281352506
1 0.4852722441736308 0.6105554284020819 0.6092054839326357 0.31631729155767446
1 0.6560823570172268 0.9302007890490355 0.47307202090551304 0.139598421901929
3 0.35155666780880185 0.6565470662350726 0.06890118942018653 0.058924013840164415
2 0.6949433757860142 0.584026056386422 0.08737817363517095 0.05500051779449713
3 0.5210185703266983 0.7826996838392895 0.04602513154179633 0.04084517589344294
3 0.4677878835373477 0.725193589961069 0.0525481473268119 0.045787343878220456