1 0.528125 0.6277777777777778 0.0234375 0.027777777777777776
0 0.4375 0.4111111111111111 0.0484375 0.08333333333333333
2 0.5328125 0.5666666666666667 0.0671875 0.325
3 0.4203125 0.4777777777777778 0.0484375 0.06944444444444445
1 0.16875 0.8194444444444444 0.0578125 0.06666666666666667
1 0.428125 0.7111111111111111 0.0359375 0.03888888888888889
0 0.3984375 0.4305555555555556 0.034375 0.06944444444444445
0 0.528125 0.4305555555555556 0.025 0.05
2 0.209375 0.65 0.2078125 0.6833333333333333
0 0.1921875 0.37222222222222223 0.0671875 0.11944444444444445
2 0.4390625 0.6055555555555555 0.121875 0.5055555555555555