3 0.5152583034293137 0.7129310927354968 0.05999316534054522 0.05381589067472685
1 0.43737820408972317 0.6659373667249973 0.5826510573679075 0.2614327747453601
1 0.4410555453930427 0.4449163420591791 0.34073518268618097 0.14769534937936152
0 0.2025668520846325 0.6257101666931806 0.08982611600890866 0.06666133601209037
2 0.3071072593889065 0.4128930880410436 0.05668635200509069 0.03815452800763595
3 0.48268906206236084 0.4649293973981333 0.03315794533736351 0.030069308004454242
1 0.35177760610276804 0.7610220527132252 0.24674882535009016 0.12629196936663495
0 0.2608707954328136 0.7357487853675894 0.04565794533736343 0.030214758672817865
0 0.3839124706794994 0.09898567671863398 0.042496582670272606 0.027053396005727003
1 0.4896175780155902 0.1205254167329515 0.27182155068427194 0.13283287070336197
0 0.38405792134786293 0.11148567671863396 0.04405908267027261 0.027071577339272457
3 0.5305698420194082 0.14912313140513306 0.028397720003181703 0.023764764003817974