2 0.6975645687507468 0.8298160588578799 0.10802310015828454 0.06526685574121878
3 0.33618078787193434 0.7729533162350727 0.054534387305303154 0.05060217787060921
1 0.5083941393503671 0.3624972717860109 0.35569973370266406 0.1565125741437381
1 0.5065551915410805 0.2188427722803025 0.4220521594086268 0.1841865879839025
1 0.4488315520576993 0.8095367564629716 0.6279671902874393 0.2347144644853678
1 0.4967054477427796 0.631232684333581 0.3490405567430599 0.1421954061589606
2 0.6205865993003548 0.24923987950439583 0.060329746239076346 0.0352318458553869
0 0.6438830099626228 0.40625388345872854 0.060329746239076346 0.0352318458553869
0 0.6704191147397609 0.2723391398845192 0.06984113855894432 0.04030134783255326
0 0.6368219823825157 0.6463058804929791 0.05568771034569906 0.036603344866803764
3 0.4361400207831755 0.6147190049800969 0.03211381802583091 0.030960839923887918