1 0.48125 0.5416666666666666 0.0234375 0.025
2 0.0859375 0.6027777777777777 0.1703125 0.7805555555555556
0 0.04375 0.2861111111111111 0.06875 0.13055555555555556
2 0.3921875 0.5194444444444445 0.1234375 0.5083333333333333
2 0.5921875 0.5527777777777778 0.134375 0.48333333333333334
2 0.490625 0.49722222222222223 0.0765625 0.3138888888888889
0 0.3859375 0.30833333333333335 0.04375 0.07777777777777778
0 0.484375 0.36666666666666664 0.0265625 0.044444444444444446
0 0.5796875 0.34444444444444444 0.0375 0.06666666666666667
3 0.575 0.40555555555555556 0.040625 0.06388888888888888
1 0.38125 0.6055555555555555 0.0359375 0.03888888888888889
1 0.0203125 0.7111111111111111 0.040625 0.06111111111111111
1 0.5828125 0.6916666666666667 0.0375 0.04722222222222222