0 0.3162427094212622 0.6690794533736345 0.05256271034569906 0.03497498400699968
1 0.41925038598515485 0.5320436247214975 0.35155780298213624 0.16497375604708875
1 0.36961043566858576 0.40963227538190683 0.321461126022532 0.15056581070972536
1 0.4702398876345075 0.6739953147278609 0.37200669530200425 0.16989761338317955
3 0.4980286038527012 0.5017208727323151 0.036846782132453626 0.03166817067154533
3 0.5179499619285446 0.6495589360677696 0.03693771034569906 0.034793170671545325
0 0.24933503958779402 0.4363482220321349 0.058858174452321686 0.03661020934118149
0 0.24119931301126601 0.07621924403245305 0.1980858105039836 0.0975851666931806
0 0.2794664719576745 0.5593135547024074 0.05265363855894432 0.038099984006999675
2 0.3045801322242312 0.5635107060391346 0.05568771034569897 0.03501134667409058
0 0.3242514377136498 0.7027550193745891 0.057341138558944314 0.03815452800763595
3 0.47664300032920437 0.625648721395588 0.028852425705962758 0.025327264003817972
1 0.4293049990755632 0.636031690722452 0.29992109514371956 0.10814195337363444