1 0.365625 0.6027777777777777 0.025 0.027777777777777776
1 0.409375 0.6611111111111111 0.03125 0.03611111111111111
1 0.2296875 0.7 0.0390625 0.03888888888888889
1 0.5953125 0.6638888888888889 0.0265625 0.03333333333333333
1 0.5375 0.6111111111111112 0.0234375 0.027777777777777776
0 0.4546875 0.4222222222222222 0.021875 0.05
0 0.215625 0.39444444444444443 0.0265625 0.05277777777777778
0 0.609375 0.4444444444444444 0.0296875 0.05277777777777778
0 0.5390625 0.4305555555555556 0.025 0.044444444444444446
0 0.3734375 0.4222222222222222 0.028125 0.05277777777777778
2 0.365625 0.55 0.059375 0.31666666666666665
0 0.428125 0.4166666666666667 0.0359375 0.06388888888888888
0 0.0484375 0.3416666666666667 0.05625 0.09444444444444444
2 0.540625 0.5611111111111111 0.06875 0.3138888888888889
2 0.4234375 0.5888888888888889 0.0984375 0.4166666666666667
0 0.25 0.36944444444444446 0.04375 0.07777777777777778
2 0.6109375 0.5944444444444444 0.0828125 0.35833333333333334
2 0.0640625 0.6305555555555555 0.128125 0.675
2 0.2390625 0.5944444444444444 0.146875 0.5305555555555556