1 0.5875 0.41944444444444445 0.025 0.030555555555555555
2 0.5359375 0.32222222222222224 0.0640625 0.2861111111111111
2 0.2125 0.36666666666666664 0.09375 0.36666666666666664
2 0.60625 0.33055555555555555 0.0921875 0.36666666666666664
2 0.434375 0.3277777777777778 0.059375 0.21666666666666667
1 0.528125 0.38333333333333336 0.021875 0.025
2 0.0515625 0.4083333333333333 0.1015625 0.44166666666666665
0 0.434375 0.2388888888888889 0.01875 0.03888888888888889
0 0.2140625 0.21666666666666667 0.03125 0.058333333333333334
0 0.0390625 0.23055555555555557 0.0375 0.07777777777777778
0 0.5359375 0.20277777777777778 0.0234375 0.041666666666666664
0 0.5984375 0.18055555555555555 0.03125 0.05555555555555555