1 0.878125 0.48359375 0.08671875 0.38359375
3 0.87109375 0.321875 0.03203125 0.05859375
2 0.8046875 0.53125 0.0234375 0.0265625
1 0.32265625 0.47421875 0.09453125 0.3796875
0 0.3265625 0.31640625 0.02890625 0.05546875
2 0.30234375 0.528125 0.02890625 0.0296875
3 0.81015625 0.33125 0.02578125 0.053125
3 0.9015625 0.34453125 0.02578125 0.03984375
3 0.8296875 0.34765625 0.01953125 0.03046875
3 0.8296875 0.3390625 0.01953125 0.04375
2 0.85859375 0.55078125 0.028125 0.034375
1 0.8078125 0.4765625 0.0734375 0.35078125