1 0.5576243080043148 0.46103615140743004 0.4671343475797222 0.24808296903354207
3 0.48376964891377483 0.3055323402370135 0.03757524310259512 0.03208645459715278
0 0.657176171415012 0.25612848622920087 0.056734678878243724 0.0403353656913195
1 0.536116720940042 0.28945209213687456 0.32135045680654784 0.14637238582729192
1 0.5669494776103046 0.6837469527942008 0.7927628686106214 0.38675195763437564
0 0.872349628560244 0.615626853536041 0.12489818068726635 0.09030030452090294
1 0.707510279848868 0.7837261561570827 0.3806369255988834 0.1758429867009726
2 0.7330813314100632 0.4358328636040271 0.07753850180902226 0.05018314437666689
0 0.8459652702379298 0.7390468229508327 0.06479284034363317 0.04520470364722229
0 0.8398856886007238 0.7125934257243743 0.05336401741285428 0.03557513050895835
0 0.7254801933504222 0.41019708396874943 0.08214411465389268 0.04872974715020835
3 0.488357488125754 0.7512812513311802 0.08032930913596861 0.0736570119678472
3 0.6621092486412037 0.8129421838924994 0.039301517412854634 0.035247822188333444
3 0.49910580110690983 0.4936863036678815 0.04596095318850324 0.043205792553055566