2 0.75 0.5277777777777778 0.134375 0.36666666666666664
2 0.459375 0.5027777777777778 0.06875 0.3
2 0.5484375 0.5055555555555555 0.0828125 0.33055555555555555
1 0.534375 0.5583333333333333 0.0265625 0.030555555555555555
1 0.446875 0.5666666666666667 0.021875 0.025
2 0.228125 0.525 0.0625 0.18888888888888888
0 0.225 0.45 0.01875 0.03888888888888889
1 0.6953125 0.575 0.025 0.027777777777777776
0 0.765625 0.38055555555555554 0.03125 0.058333333333333334
3 0.4578125 0.37777777777777777 0.0234375 0.05
0 0.546875 0.36666666666666664 0.028125 0.05