1 0.22109375 0.4708175358097659 0.146875 0.32429199375348416
1 0.896875 0.35365536611170056 0.1640625 0.3337669877033599
1 0.72265625 0.46904804107432324 0.3546875 0.7051885115110732
1 0.3734375 0.4357663458200286 0.1453125 0.32740790339440445
0 0.26171875 0.31792888514583595 0.04375 0.06275453005422929
0 0.24453125 0.32173514119596014 0.03125 0.057994307181592396
0 0.65703125 0.19600999599297925 0.075 0.09574883723582168
2 0.68125 0.24693214655871332 0.0640625 0.09568520472226431
3 0.815625 0.6586514174395605 0.0640625 0.07381020472226432
3 0.39453125 0.4921390656676035 0.0296875 0.032985216822512695
3 0.31328125 0.5143226169954633 0.03125 0.03611930718159222
1 0.56484375 0.4157861648072818 0.1890625 0.37297493344863375
3 0.240625 0.5131186652982611 0.0296875 0.032985216822512695
0 0.85859375 0.22921390231424996 0.0421875 0.06274543969514967
1 0.29296875 0.45717319232742837 0.1703125 0.36192834913967825
0 0.34296875 0.30668283381797606 0.0390625 0.054914758976990455
0 0.19140625 0.3425198189872532 0.0390625 0.05178975897699045
0 0.5359375 0.2773367431643089 0.0515625 0.07842498184962743