1 0.5314338836079348 0.6192043602539214 0.4004939677240973 0.743223780416594
1 0.26805465209437346 0.5580014019532864 0.17203868387616605 0.3559725183424
0 0.3492228101562904 0.37956050171585964 0.05638577886860796 0.08431281551854841
0 0.41121457594130595 0.38245216950426375 0.07117632096198286 0.09722199247815251
1 0.3245853731551783 0.5477482120615587 0.14491474175455643 0.3723416644231918
0 0.5198314417686738 0.3393804679340534 0.04361276308359248 0.07926160266556703
0 0.2266344495905944 0.42460388024567414 0.040685184158514784 0.05577863855894431
1 0.38712317051022493 0.5600148798499627 0.1967040258848362 0.4580805876218722
0 0.29548316012805553 0.41086197750096487 0.05262374203690508 0.07328438730530315
2 0.8139083944842144 0.24239284151580995 0.07668286831702957 0.11142088479802066
0 0.4777426523061349 0.3288665167595545 0.09000191567207594 0.12584709765100205
1 0.8363007920227876 0.5109693452767337 0.32739841595442487 0.7332577470304991
3 0.6530589836502871 0.5710587137774183 0.044917657850155376 0.04810253087881229
3 0.34972885729957554 0.6166656966221524 0.031598610495108835 0.03367631802583091
3 0.29480613886960666 0.6276546724072576 0.03343412628012441 0.03840928213245363
3 0.9364090809206292 0.6661138348518924 0.06686825256024846 0.07681856426490725
3 0.6000158255883701 0.7486812600956368 0.0733912683452644 0.08168792069139794
0 0.25260541538972736 0.4136747404330885 0.0457367052052021 0.06216503087881233
1 0.6276347784450851 0.5107577112701358 0.20266559954824218 0.48009197994174035
0 0.5735633865211194 0.32138297420225953 0.05923776308359248 0.07971624373179384