3 0.75546875 0.49296875 0.03046875 0.034375
3 0.40078125 0.57890625 0.046875 0.05546875
0 0.81640625 0.27421875 0.034375 0.06015625
1 0.05859375 0.490625 0.1171875 0.54140625
0 0.0453125 0.27109375 0.04765625 0.090625
3 0.56796875 0.509375 0.02890625 0.03515625
0 0.77734375 0.271875 0.0328125 0.06640625
2 0.4046875 0.24453125 0.04765625 0.096875
1 0.78828125 0.43359375 0.1046875 0.40078125
2 0.56875 0.28125 0.03828125 0.0640625
1 0.43125 0.49453125 0.165625 0.60390625
1 0.56875 0.43046875 0.1078125 0.36875