0 0.59375 0.28984375 0.02265625 0.040625
2 0.54140625 0.28515625 0.02109375 0.046875
1 0.3765625 0.478125 0.17265625 0.62578125
1 0.715625 0.40859375 0.0703125 0.26640625
1 0.59296875 0.3984375 0.05546875 0.26171875
0 0.3625 0.22265625 0.05703125 0.10546875
1 0.4734375 0.38359375 0.0609375 0.23671875
1 0.534375 0.4109375 0.0703125 0.30859375
0 0.7140625 0.296875 0.02265625 0.04140625
3 0.53046875 0.45625 0.02265625 0.0234375
3 0.3359375 0.55 0.046875 0.0515625
3 0.70859375 0.48515625 0.01953125 0.0265625
0 0.475 0.2875 0.0203125 0.0421875
3 0.58125 0.43828125 0.01953125 0.02265625