1 0.3412351693586807 0.16697060821720874 0.27296588001272665 0.10958491553090174
1 0.37582144406426976 0.45186925298377184 0.35461586935072653 0.14869218913783794
1 0.5321918121021316 0.7218569873399306 0.7186794640356349 0.30418040984570693
1 0.41171513275776855 0.647568889857827 0.42663632001909 0.16537843117474296
0 0.24039521077335874 0.7724687212725664 0.11331816000954502 0.07686487884037305
1 0.3538977066756814 0.06358508688817269 0.5140454133513628 0.12717017377634537
3 0.6138781641072224 0.7546247137329944 0.06951361600890867 0.06962923151356133
3 0.4298549633990879 0.4596670714560929 0.03470226400381797 0.030127115756780752
0 0.22912825739972426 0.47604874758092564 0.05038180800445442 0.03572466837349921
0 0.24402819342772294 0.6815707054875508 0.07080339600572697 0.046282736775233244
0 0.27515201877781303 0.8032791055157856 0.06288180800445434 0.03645271046687384
0 0.23046130136058968 0.18749448179591002 0.04722044533736351 0.03241765785015547
1 0.36295891207826914 0.5558133003388184 0.21971361067790857 0.09555323663405879
0 0.2739782280792237 0.5680318502541138 0.03619203866963616 0.02396812101845249
3 0.3741567573599533 0.1744344977220999 0.0221113573360908 0.021586573663405863
0 0.140334646005727 0.03404252908036951 0.06898635733609079 0.024316731513561354
3 0.44306020401018137 0.04924551094686671 0.0442227146721816 0.04317314732681177