3 0.0046875 0.65625 0.009375 0.0625
1 0.5390625 0.39453125 0.06953125 0.2640625
1 0.07734375 0.5296875 0.1546875 0.74375
1 0.65625 0.39921875 0.08046875 0.2984375
1 0.83125 0.41015625 0.06015625 0.24453125
1 0.28359375 0.4015625 0.0765625 0.2546875
0 0.5390625 0.28359375 0.021875 0.040625
0 0.290625 0.2984375 0.02109375 0.04453125
0 0.659375 0.27421875 0.025 0.04609375
3 0.52734375 0.44296875 0.01953125 0.0234375
0 0.04921875 0.23203125 0.04453125 0.11953125
0 0.02578125 0.240625 0.05078125 0.12421875
0 0.83359375 0.30703125 0.02109375 0.034375
3 0.653125 0.4796875 0.02109375 0.0265625
3 0.81796875 0.43828125 0.0171875 0.01953125