0 0.578125 0.38055555555555554 0.0265625 0.05
1 0.696875 0.5777777777777777 0.0265625 0.030555555555555555
2 0.371875 0.5 0.065625 0.225
3 0.2234375 0.35555555555555557 0.0390625 0.06666666666666667
0 0.596875 0.38055555555555554 0.0203125 0.044444444444444446
0 0.3765625 0.4083333333333333 0.01875 0.041666666666666664
1 0.584375 0.6055555555555555 0.025 0.025
2 0.115625 0.6027777777777777 0.2296875 0.75
2 0.228125 0.5583333333333333 0.1234375 0.4777777777777778
2 0.5953125 0.5138888888888888 0.1 0.3194444444444444
0 0.103125 0.30277777777777776 0.0734375 0.14166666666666666