2 0.721875 0.5361111111111111 0.09375 0.37222222222222223
0 0.35625 0.4361111111111111 0.0171875 0.03611111111111111
2 0.3546875 0.5138888888888888 0.05 0.19722222222222222
0 0.415625 0.38333333333333336 0.0328125 0.06388888888888888
0 0.7484375 0.3888888888888889 0.034375 0.058333333333333334
0 0.559375 0.36666666666666664 0.0296875 0.058333333333333334
2 0.5609375 0.5111111111111111 0.0734375 0.3416666666666667
2 0.421875 0.55 0.090625 0.39166666666666666
0 0.19375 0.35555555555555557 0.0609375 0.10555555555555556
2 0.203125 0.6277777777777778 0.1640625 0.6527777777777778
1 0.165625 0.7111111111111111 0.0515625 0.05277777777777778
1 0.40625 0.6388888888888888 0.0296875 0.03611111111111111
1 0.5515625 0.5805555555555556 0.025 0.027777777777777776
1 0.6921875 0.5888888888888889 0.025 0.030555555555555555