1 0.51875 0.55 0.028125 0.03333333333333333
1 0.359375 0.6194444444444445 0.0359375 0.044444444444444446
3 0.36875 0.325 0.04375 0.07222222222222222
2 0.24375 0.6111111111111112 0.2 0.7166666666666667
1 0.221875 0.7388888888888889 0.0515625 0.06388888888888888
2 0.525 0.49444444444444446 0.08125 0.3638888888888889
2 0.3796875 0.5416666666666666 0.125 0.5277777777777778
0 0.434375 0.35833333333333334 0.0265625 0.05277777777777778
2 0.45 0.48333333333333334 0.06875 0.30277777777777776
0 0.521875 0.34444444444444444 0.028125 0.05
0 0.5234375 0.3611111111111111 0.03125 0.05