1 0.45609391211554656 0.4017640505422929 0.09689654052775935 0.3364101986721401
1 0.5291333058292402 0.4271822070599554 0.11397703266987644 0.3677511022629362
1 0.6054945986333112 0.4065384298343965 0.07963195781510155 0.26757838544042356
0 0.45494017286891353 0.2596083667990716 0.03187073821317572 0.0470477168225127
0 0.5190583308506309 0.2779452763417961 0.039066808105551944 0.06739657825883123
3 0.5126222020241334 0.4919123275714602 0.029580492142117266 0.031413626463433174
3 0.4434697876322753 0.4493339421310366 0.026018844499482087 0.022020445745273953
1 0.32433448986580554 0.3900629603796051 0.06592902274507902 0.20813975292686618
0 0.6058691261359013 0.29719524609117515 0.027037688998963992 0.04389544574527395
3 0.6018837551672865 0.47993502321853826 0.01984161910658777 0.023546584308955332
0 0.3204410483856422 0.30646921037960506 0.02049659057054054 0.03760908430895542
3 0.3087673019002989 0.44152092125018944 0.016571069892376132 0.020403403590796287
3 0.7135275765074047 0.44543782425181055 0.019768844499482085 0.02198408430895533
1 0.7203019613297583 0.40642532122674835 0.07741448635114896 0.253506795081344