3 0.63046875 0.196875 0.01875 0.0203125
0 0.52265625 0.07890625 0.03046875 0.059375
1 0.103125 0.37109375 0.20546875 0.73984375
2 0.5390625 0.09140625 0.03203125 0.06796875
1 0.52734375 0.24296875 0.10859375 0.390625
1 0.36796875 0.1890625 0.0671875 0.27109375
1 0.6390625 0.1671875 0.05390625 0.23828125
0 0.084375 0.05703125 0.06875 0.1140625
3 0.51171875 0.3078125 0.03046875 0.0359375
2 0.3640625 0.08359375 0.025 0.0546875
0 0.63984375 0.065625 0.01953125 0.03359375
3 0.03359375 0.51640625 0.065625 0.071875