0 0.36171875 0.0625 0.03828125 0.05546875
2 0.36171875 0.1140625 0.040625 0.09921875
1 0.20625 0.2265625 0.11796875 0.33515625
1 0.58125 0.1515625 0.06875 0.2234375
2 0.58046875 0.0625 0.01875 0.04375
1 0.721875 0.16328125 0.0609375 0.21875
1 0.44765625 0.18125 0.06875 0.24921875
0 0.4546875 0.08046875 0.021875 0.0453125
0 0.203125 0.0890625 0.03046875 0.05546875
0 0.71953125 0.07265625 0.01953125 0.03203125
3 0.71875 0.19140625 0.0171875 0.01796875
1 0.3640625 0.29921875 0.15703125 0.54296875
3 0.33046875 0.38203125 0.040625 0.04453125