1 0.3234375 0.6222222222222222 0.0515625 0.06111111111111111
2 0.375 0.5166666666666667 0.165625 0.725
0 0.3703125 0.21944444444444444 0.0578125 0.11944444444444445
0 0.684375 0.2861111111111111 0.0515625 0.09444444444444444
3 0.26875 0.26944444444444443 0.0484375 0.08888888888888889
2 0.253125 0.5111111111111111 0.13125 0.5722222222222222
2 0.1671875 0.4888888888888889 0.10625 0.45555555555555555
0 0.19375 0.31666666666666665 0.03125 0.07222222222222222
2 0.690625 0.5305555555555556 0.16875 0.6
1 0.65625 0.6333333333333333 0.046875 0.05
1 0.20625 0.5972222222222222 0.0390625 0.04722222222222222