2 0.528125 0.3015625 0.0234375 0.04140625
0 0.35078125 0.28125 0.02734375 0.03828125
1 0.3578125 0.40859375 0.0796875 0.30390625
1 0.26953125 0.4390625 0.08984375 0.3890625
1 0.1640625 0.3765625 0.07265625 0.3234375
3 0.51640625 0.475 0.02265625 0.02578125
3 0.2515625 0.51328125 0.03046875 0.03984375
3 0.33984375 0.4609375 0.02578125 0.02890625
2 0.3578125 0.30859375 0.02265625 0.04921875
1 0.52421875 0.428125 0.08203125 0.30546875
0 0.1640625 0.24140625 0.02734375 0.0515625
0 0.28125 0.2765625 0.03203125 0.05703125
3 0.146875 0.4234375 0.0234375 0.025