2 0.40625 0.5333333333333333 0.1046875 0.49166666666666664
2 0.284375 0.5833333333333334 0.18125 0.6722222222222223
2 0.534375 0.49444444444444446 0.078125 0.3527777777777778
2 0.2015625 0.4861111111111111 0.0734375 0.4222222222222222
0 0.2109375 0.3111111111111111 0.034375 0.06666666666666667
3 0.390625 0.325 0.0375 0.06666666666666667
0 0.284375 0.325 0.04375 0.075
0 0.53125 0.3388888888888889 0.028125 0.03611111111111111
1 0.528125 0.5444444444444444 0.0265625 0.03333333333333333
0 0.53125 0.36666666666666664 0.028125 0.044444444444444446
1 0.3859375 0.6111111111111112 0.034375 0.04722222222222222
1 0.203125 0.5638888888888889 0.0296875 0.030555555555555555
1 0.275 0.7138888888888889 0.0484375 0.06111111111111111