3 0.1734375 0.54609375 0.05859375 0.06875
0 0.88046875 0.19375 0.03515625 0.06640625
0 0.3953125 0.18203125 0.03515625 0.065625
1 0.35234375 0.40546875 0.13828125 0.5515625
3 0.31640625 0.4875 0.0421875 0.04375
3 0.546875 0.44453125 0.02890625 0.0359375
1 0.21484375 0.44140625 0.17265625 0.703125
1 0.88203125 0.35859375 0.2078125 0.40546875
0 0.33828125 0.178125 0.04765625 0.08359375
3 0.9640625 0.42734375 0.025 0.03203125
1 0.55859375 0.359375 0.09765625 0.3796875
2 0.91328125 0.2140625 0.028125 0.05703125
0 0.2109375 0.14140625 0.06015625 0.10546875
1 0.4140625 0.36171875 0.090625 0.43046875
2 0.5578125 0.19921875 0.0359375 0.05546875