2 0.7923535170741702 0.1532552392511422 0.06124511646291495 0.09793238585581085
3 0.9438220053155252 0.46027571898726255 0.042754066033373304 0.042517139784752266
3 0.6024257213943274 0.5205990587292335 0.04003850180902226 0.05018409057054072
3 0.4811482649264637 0.4405199146012551 0.03157090456798421 0.037320217535011226
1 0.7646977493226315 0.41328521071509494 0.21195103912112218 0.6239940798171736
1 0.4742675011316537 0.3784929495474432 0.12828428878243797 0.39564644789030423
1 0.6037945488476616 0.3903850198541041 0.15868884102100153 0.49993584160399795
1 0.9141112511316537 0.35800689764714433 0.15802045567489423 0.5466652923897862
0 0.9530010900049488 0.13642084202279184 0.05450379353213641 0.08826628742738743
0 0.6129183225920942 0.18655154446120997 0.04924308344622812 0.07711046360606985
3 0.7887350356186785 0.5197149931800837 0.05138543758467105 0.05850601282028158
0 0.4865671845324533 0.21815476302967857 0.039212986205190245 0.06417381596343477