2 0.3609375 0.15390625 0.03359375 0.06328125
1 0.6390625 0.2984375 0.10703125 0.35859375
1 0.37421875 0.32578125 0.11875 0.41484375
1 0.82890625 0.284375 0.06796875 0.28125
1 0.50859375 0.284375 0.08046875 0.26875
3 0.615625 0.41796875 0.02734375 0.034375
3 0.334375 0.38515625 0.03125 0.03515625
0 0.82578125 0.1671875 0.02578125 0.0453125
3 0.81640625 0.32578125 0.021875 0.0265625
0 0.50703125 0.178125 0.02109375 0.05078125
0 0.63515625 0.1515625 0.03671875 0.0609375
0 0.525 0.1734375 0.01796875 0.04375