3 0.35001306420763945 0.6640923354873609 0.05457970364722229 0.06373649810013901
0 0.251714502468542 0.33651415577583316 0.02917966014423614 0.04596711664124999
0 0.5162854955346878 0.31863109907072873 0.04371493882958326 0.06660692496187508
0 0.6805291802802087 0.28901306820118 0.050474085106111136 0.0886273953265972
0 0.347606271085903 0.22484799753145807 0.06987870174736122 0.11718880642076394
1 0.3353115185204518 0.5026281586256247 0.2161472104841673 0.6984050516711113
1 0.48334897501746565 0.48198573746347184 0.151788544071667 0.41580945079743065
1 0.6640541143601393 0.48794153068211754 0.17718989399541699 0.500729964665139
1 0.23554725465274345 0.48150000066559 0.1126883700597225 0.3461866286090973
3 0.4628195758911463 0.5403073837399995 0.03361258700597212 0.03513871941479181
3 0.6962139573500352 0.5598886126540966 0.03840918977951393 0.03993532218833344