2 0.303125 0.4166666666666667 0.075 0.24444444444444444
0 0.4203125 0.2638888888888889 0.0328125 0.06111111111111111
0 0.303125 0.31666666666666665 0.021875 0.044444444444444446
3 0.4734375 0.2 0.0625 0.125
1 0.428125 0.6944444444444444 0.0625 0.075
2 0.09375 0.4777777777777778 0.1484375 0.5472222222222223
2 0.4859375 0.5388888888888889 0.20625 0.8083333333333333
1 0.4109375 0.49444444444444446 0.028125 0.03611111111111111
1 0.60625 0.4722222222222222 0.025 0.03333333333333333
2 0.615625 0.4027777777777778 0.0765625 0.33611111111111114
0 0.078125 0.25 0.05 0.08333333333333333
0 0.615625 0.2611111111111111 0.028125 0.05277777777777778
1 0.0546875 0.575 0.040625 0.044444444444444446