1 0.3265625 0.2984375 0.1171875 0.48046875
1 0.521875 0.2578125 0.05390625 0.2546875
0 0.5234375 0.15625 0.0203125 0.04453125
3 0.69453125 0.32890625 0.02578125 0.03046875
3 0.60703125 0.39609375 0.03515625 0.04296875
3 0.296875 0.453125 0.04140625 0.05
1 0.62109375 0.31953125 0.10703125 0.45546875
1 0.70546875 0.28046875 0.06953125 0.31953125
0 0.33203125 0.10546875 0.05078125 0.08828125
1 0.43125 0.33828125 0.16328125 0.646875
3 0.41328125 0.45546875 0.05 0.0546875
0 0.70703125 0.14609375 0.02890625 0.05390625
0 0.62421875 0.13203125 0.04140625 0.078125
0 0.41015625 0.103125 0.0484375 0.0953125
0 0.44453125 0.0640625 0.0421875 0.08359375