1 0.42890625 0.4015625 0.10859375 0.41953125
3 0.65234375 0.4609375 0.03125 0.0359375
0 0.32578125 0.2578125 0.06796875 0.1265625
0 0.66875 0.21640625 0.034375 0.07421875
2 0.425 0.228125 0.03671875 0.06640625
3 0.2796875 0.6890625 0.0640625 0.07109375
0 0.27265625 0.31015625 0.06171875 0.1203125
0 0.390625 0.2265625 0.02265625 0.0484375
1 0.35078125 0.56796875 0.23828125 0.75859375
1 0.678125 0.3890625 0.10859375 0.425
0 0.08359375 0.21953125 0.04609375 0.08359375
1 0.08828125 0.4125 0.159375 0.4765625