0 0.09106560835773007 0.7714893211737444 0.03187073821317572 0.04860409997176518
1 0.5132981350317506 0.5552309294615403 0.18407551695411078 0.4392430524755442
1 0.8191500287454442 0.5124849034355297 0.14638711827801823 0.33264444198043536
1 0.07833663006935182 0.6600358816829706 0.12254720388616021 0.2891828683170294
1 0.29701600951502194 0.6153549003105836 0.11964052770747777 0.29368835779368574
0 0.5326730655536591 0.7247320873822829 0.050222631926869356 0.07460515785015538
3 0.533595672459138 0.5041843689523139 0.04102741439185813 0.044462631541796326
0 0.3048391639820826 0.7317688555863728 0.031725188998963996 0.04547909997176518
0 0.817797236355658 0.6418993876505141 0.035432385855810725 0.05816111049510884
3 0.29572964537083274 0.5593324134647631 0.026455492142117086 0.032706084186749605
3 0.08864058333633947 0.6228166027437754 0.02452911910658786 0.02480257892507769
1 0.7078657723353035 0.5431195243833951 0.13308228949430206 0.2477234104104042
0 0.7122022078196109 0.6340252454441998 0.03030823821317572 0.04851309471009326