1 0.490625 0.582743816710742 0.296875 0.12180855947465297
1 0.51640625 0.387219954770383 0.58125 0.21327452170826772
1 0.5171875 0.6755421483479479 0.4140625 0.14513759610938415
0 0.37265625 0.5945300864984459 0.0515625 0.030827276119281776
3 0.58046875 0.3374523281307028 0.0390625 0.04735967887824381
0 0.3796875 0.9990151113745324 0.059375 0.0019697772509353227
3 0.59609375 0.989018192276569 0.0328125 0.02196361544686205
2 0.27578125 0.38789058288040124 0.0859375 0.056066293532136324
2 0.34765625 0.6760323920163698 0.0703125 0.041184921980838854
3 0.58671875 0.6534048767512217 0.0359375 0.03157090456798421
1 0.54140625 0.9669019742194024 0.3890625 0.0661960515611952