0 0.630236170824412 0.8977164476809072 0.04305131802583091 0.03165241439185813
0 0.8312055697416906 0.33599135131939833 0.09396060015828453 0.06523120181924558
3 0.49876486196978104 0.8454368560769094 0.02568196159934022 0.024601893713693812
0 0.8133253994460039 0.25145153142702215 0.058858174452321776 0.038630160462916764
3 0.5670675472426554 0.5951500657540377 0.02568196159934022 0.024601893713693812
0 0.839944072248973 0.3583029989620335 0.0781082796251713 0.056690955748186944
0 0.7126695522572204 0.6457408788219883 0.044613818025830906 0.031725188998963996
1 0.6096859224072576 0.28655846980681365 0.5859448263391013 0.2956766046291673
1 0.694862555951637 0.2091655239834241 0.3231600183424 0.16640851984959495
1 0.6125475318032493 0.6183906666636606 0.26126777210332364 0.13075781017246654
1 0.5247363285836861 0.8669865243977088 0.2707337003165691 0.13431945781510174
3 0.5260754520324287 0.2294672537195445 0.059358279625171304 0.055817660462916766