0 0.7434816315658224 0.6671456262227589 0.04921038981258565 0.027407979707460582
0 0.7106249821198183 0.4545462146965174 0.0668525308788123 0.0433329886359143
3 0.5488367212992656 0.6744474318220762 0.030460389812585652 0.027080697240056396
3 0.4751815756141854 0.4953559955390684 0.03997178213245363 0.03193183847375849
0 0.6942307554767833 0.34707463393339666 0.06372753087881229 0.043278441558013546
1 0.6018169687919832 0.6516587682672398 0.35331887978345583 0.1201717727248763
1 0.5293870054767833 0.34995199229265755 0.4042281619159095 0.15229452597128698
3 0.45395509646386784 0.36610487216227383 0.036801318025830906 0.03031479139585782
1 0.6302087417532368 0.6956718210271834 0.2800344924781527 0.07047968993316048
2 0.7442999854850306 0.6390206262227589 0.06354567445232177 0.03702844155801355
1 0.5531390910535915 0.47291220536102657 0.3987223079967011 0.12408770535443595