0 0.478125 0.33055555555555555 0.05625 0.10277777777777777
2 0.175 0.5694444444444444 0.1953125 0.6305555555555555
2 0.3875 0.5222222222222223 0.078125 0.425
2 0.6640625 0.49444444444444446 0.05 0.33055555555555555
0 0.696875 0.3611111111111111 0.028125 0.05
3 0.1609375 0.32222222222222224 0.046875 0.09166666666666666
0 0.659375 0.36666666666666664 0.0328125 0.06111111111111111
2 0.6125 0.5166666666666667 0.0796875 0.4027777777777778
0 0.7234375 0.36666666666666664 0.025 0.044444444444444446
0 0.44375 0.35 0.0234375 0.06666666666666667
0 0.55 0.3638888888888889 0.0453125 0.07777777777777778
0 0.6046875 0.35 0.034375 0.06944444444444445
2 0.7171875 0.49166666666666664 0.0796875 0.30833333333333335
2 0.4984375 0.6194444444444445 0.203125 0.6805555555555556
0 0.3921875 0.34444444444444444 0.0375 0.06388888888888888
1 0.465625 0.725 0.0515625 0.06388888888888888
1 0.146875 0.7194444444444444 0.0453125 0.06111111111111111
1 0.7078125 0.5583333333333333 0.0234375 0.027777777777777776
1 0.65625 0.5583333333333333 0.021875 0.025
1 0.378125 0.5777777777777777 0.03125 0.03611111111111111