1 0.3421875 0.6166666666666667 0.028125 0.03333333333333333
0 0.1015625 0.37777777777777777 0.040625 0.075
2 0.5609375 0.5722222222222222 0.10625 0.36666666666666664
0 0.353125 0.37777777777777777 0.0375 0.06666666666666667
1 0.5453125 0.6333333333333333 0.0265625 0.027777777777777776
0 0.453125 0.39444444444444443 0.0390625 0.06666666666666667
0 0.5484375 0.41944444444444445 0.03125 0.058333333333333334
0 0.484375 0.39444444444444443 0.03125 0.06111111111111111
2 0.4546875 0.6 0.125 0.49166666666666664
2 0.359375 0.5611111111111111 0.0984375 0.43333333333333335
2 0.10625 0.5722222222222222 0.1203125 0.46944444444444444
1 0.440625 0.75 0.0375 0.041666666666666664
1 0.084375 0.6444444444444445 0.0359375 0.03888888888888889
0 0.453125 0.45 0.0453125 0.07777777777777778