0 0.434375 0.325 0.0375 0.058333333333333334
0 0.221875 0.3388888888888889 0.0328125 0.05555555555555555
0 0.5484375 0.3472222222222222 0.034375 0.06388888888888888
0 0.046875 0.32222222222222224 0.0515625 0.09722222222222222
2 0.55625 0.5055555555555555 0.0984375 0.3861111111111111
1 0.421875 0.6 0.03125 0.03888888888888889
1 0.046875 0.6722222222222223 0.04375 0.05555555555555555
1 0.55 0.6222222222222222 0.0296875 0.03333333333333333
0 0.403125 0.35 0.03125 0.05555555555555555
0 0.0828125 0.32222222222222224 0.0375 0.1
2 0.0796875 0.5583333333333333 0.159375 0.5944444444444444
2 0.2625 0.5666666666666667 0.165625 0.6222222222222222
0 0.275 0.3055555555555556 0.0609375 0.10833333333333334
2 0.4359375 0.5194444444444445 0.1875 0.4583333333333333
1 0.2546875 0.6833333333333333 0.046875 0.05555555555555555