0 0.13515625 0.43203125 0.02890625 0.05859375
1 0.13515625 0.5703125 0.09609375 0.340625
1 0.3734375 0.60546875 0.10234375 0.40703125
1 0.52265625 0.57109375 0.10234375 0.34140625
1 0.84921875 0.62578125 0.2484375 0.7296875
1 0.28515625 0.56171875 0.065625 0.253125
0 0.8484375 0.3359375 0.0796875 0.140625
3 0.79296875 0.875 0.0640625 0.06640625
0 0.38203125 0.43515625 0.03515625 0.06015625
3 0.3703125 0.6640625 0.03359375 0.03984375
2 0.5171875 0.4265625 0.02421875 0.04296875
0 0.16328125 0.43828125 0.0265625 0.05859375
0 0.28515625 0.459375 0.02109375 0.04375
3 0.521875 0.62265625 0.02421875 0.028125