3 0.62734375 0.51953125 0.0296875 0.0328125
1 0.83046875 0.41015625 0.0640625 0.24609375
1 0.54609375 0.39453125 0.065625 0.29375
1 0.0921875 0.41875 0.07421875 0.33359375
0 0.4578125 0.2578125 0.04921875 0.09375
1 0.346875 0.45390625 0.1171875 0.40390625
0 0.3625 0.2875 0.034375 0.0671875
0 0.1640625 0.2515625 0.0453125 0.084375
3 0.43515625 0.584375 0.04375 0.05234375
0 0.82890625 0.30703125 0.021875 0.03828125
1 0.46015625 0.4875 0.13359375 0.56015625
0 0.63359375 0.28671875 0.03359375 0.0640625
0 0.1046875 0.2828125 0.02734375 0.053125
3 0.13203125 0.540625 0.040625 0.040625
3 0.33125 0.540625 0.0328125 0.0359375
2 0.33359375 0.29921875 0.03046875 0.059375
0 0.54453125 0.271875 0.02734375 0.04609375
3 0.81875 0.43984375 0.01875 0.01953125
3 0.53359375 0.4359375 0.02109375 0.02109375
1 0.63671875 0.44765625 0.0953125 0.3921875
1 0.1734375 0.459375 0.1296875 0.50546875