0 0.35 0.3888888888888889 0.025 0.044444444444444446
0 0.4953125 0.39444444444444443 0.021875 0.041666666666666664
0 0.1078125 0.33055555555555555 0.065625 0.10833333333333334
3 0.0984375 0.4 0.0453125 0.07777777777777778
3 0.053125 0.36666666666666664 0.0546875 0.1
1 0.0453125 0.7972222222222223 0.0609375 0.06944444444444445
1 0.3375 0.55 0.0234375 0.025
1 0.4921875 0.5444444444444444 0.021875 0.025
2 0.5 0.5055555555555555 0.0703125 0.26666666666666666
2 0.353125 0.5111111111111111 0.075 0.2916666666666667
2 0.1125 0.6333333333333333 0.2234375 0.7138888888888889