1 0.2453125 0.7055555555555556 0.0328125 0.041666666666666664
2 0.3484375 0.6111111111111112 0.1703125 0.6444444444444445
1 0.7609375 0.5833333333333334 0.0265625 0.030555555555555555
2 0.4765625 0.5194444444444445 0.0875 0.3527777777777778
0 0.3296875 0.34444444444444444 0.053125 0.09722222222222222
2 0.1546875 0.5305555555555556 0.078125 0.275
2 0.259375 0.5555555555555556 0.0828125 0.4583333333333333
0 0.2703125 0.36666666666666664 0.0375 0.06388888888888888
0 0.7640625 0.375 0.034375 0.05555555555555555
0 0.15625 0.41944444444444445 0.0234375 0.04722222222222222
2 0.7734375 0.5277777777777778 0.1015625 0.36666666666666664
0 0.471875 0.36944444444444446 0.028125 0.05
1 0.2953125 0.7222222222222222 0.0515625 0.058333333333333334
1 0.4625 0.5833333333333334 0.0265625 0.03333333333333333