1 0.2140625 0.5722222222222222 0.0296875 0.03888888888888889
0 0.0875 0.28055555555555556 0.046875 0.08888888888888889
2 0.225 0.5 0.0875 0.36944444444444446
2 0.0921875 0.5055555555555555 0.121875 0.5416666666666666
2 0.3546875 0.49444444444444446 0.075 0.2972222222222222
0 0.2296875 0.3527777777777778 0.0328125 0.058333333333333334
1 0.3421875 0.5555555555555556 0.0234375 0.025
3 0.48125 0.40555555555555556 0.028125 0.058333333333333334
3 0.45625 0.4222222222222222 0.028125 0.06111111111111111
0 0.3625 0.37222222222222223 0.0234375 0.041666666666666664
2 0.4703125 0.5166666666666667 0.0671875 0.30277777777777776
1 0.0796875 0.6 0.0390625 0.041666666666666664