0 0.6921875 0.21640625 0.02265625 0.04921875
0 0.64765625 0.22109375 0.0234375 0.04140625
0 0.70859375 0.215625 0.02265625 0.04921875
0 0.5125 0.184375 0.03046875 0.0484375
0 0.0375 0.1984375 0.05234375 0.140625
3 0.63203125 0.36953125 0.02109375 0.02578125
1 0.5140625 0.384375 0.13125 0.46015625
1 0.703125 0.3359375 0.06953125 0.29453125
1 0.09296875 0.5453125 0.18515625 0.8984375
3 0.496875 0.48203125 0.03359375 0.03828125
3 0.68828125 0.39765625 0.02109375 0.0265625
1 0.64453125 0.32890625 0.06328125 0.2609375
2 0.528125 0.22578125 0.04765625 0.08515625