0 0.309375 0.34444444444444444 0.025 0.05277777777777778
0 0.56875 0.3388888888888889 0.0265625 0.04722222222222222
2 0.4109375 0.46944444444444444 0.1109375 0.2916666666666667
2 0.2890625 0.48055555555555557 0.096875 0.3333333333333333
1 0.5671875 0.5305555555555556 0.025 0.025
1 0.6890625 0.6333333333333333 0.04375 0.05
0 0.425 0.35555555555555557 0.0234375 0.04722222222222222
3 0.2953125 0.3888888888888889 0.0234375 0.05555555555555555
2 0.7125 0.5111111111111111 0.1546875 0.6305555555555555
2 0.575 0.4666666666666667 0.0875 0.3194444444444444
2 0.0953125 0.5055555555555555 0.1390625 0.42777777777777776
3 0.6953125 0.25555555555555554 0.05 0.10277777777777777
0 0.109375 0.33055555555555555 0.0375 0.075