0 0.261372432723431 0.2817966031277854 0.05483134215265535 0.09364235141192578
3 0.22884105721540465 0.619728512140701 0.04488977611928178 0.05279003087881229
3 0.35122506953987653 0.5022789361973111 0.03140713025772479 0.03367631802583091
3 0.010405275611255408 0.5968378960807917 0.020810551222510815 0.05288095909205772
1 0.06717313263257399 0.512706936988734 0.13434626526514798 0.555836126022532
1 0.3690577007021124 0.4448157771843957 0.12524117593756773 0.3952335951437197
1 0.25225530303153315 0.5152994249145401 0.1878650859326189 0.5780293747688908
0 0.0473508763009959 0.28724393573509277 0.057546906377006615 0.08592077962517113
0 0.377451134102912 0.2846595271843957 0.041021147670579336 0.06827863855894431
1 0.5679422580290587 0.41562706769662655 0.11637743102595052 0.31540970282385156
0 0.5699285611721334 0.2884197100164946 0.029101001809022264 0.04921038981258565