2 0.5953125 0.5138888888888888 0.15625 0.5583333333333333
2 0.2640625 0.48055555555555557 0.140625 0.5638888888888889
2 0.1203125 0.38055555555555554 0.0890625 0.3194444444444444
0 0.2625 0.24444444444444444 0.046875 0.08333333333333333
1 0.240625 0.5694444444444444 0.0421875 0.05
2 0.4515625 0.4166666666666667 0.084375 0.3333333333333333
1 0.096875 0.4361111111111111 0.025 0.027777777777777776
0 0.125 0.24444444444444444 0.0296875 0.05
3 0.4515625 0.275 0.0265625 0.05
0 0.603125 0.2833333333333333 0.0515625 0.08333333333333333
1 0.5609375 0.5972222222222222 0.0421875 0.05
1 0.4375 0.46944444444444444 0.0265625 0.030555555555555555