1 0.2507786371584721 0.3787357167011348 0.5015572743169442 0.2199714334022696
1 0.23567182228524258 0.5849311727004984 0.27118662860909726 0.10781468936981646
0 0.1328007422131245 0.6063965453532718 0.05069098423243057 0.030269302673454134
3 0.33895721039364524 0.7471140940483615 0.03670121941479172 0.03323067067154532
3 0.3920841700247911 0.6469237373885883 0.051054660144236055 0.04589430267345431
3 0.3957787465815275 0.3203157840547248 0.060611498100139015 0.05381589067472685
1 0.3164113695879508 0.674957283378407 0.48739481648875016 0.20249303206554253
1 0.29080999791270773 0.7676533133752252 0.34059124525034734 0.13673966804581603
0 0.048633602489201226 0.4209761186744087 0.09726720497840245 0.06989542401336309
1 0.3250876529260415 0.47726467071131606 0.650175305852083 0.29827934142263224
3 0.41801480965180515 0.43935668539145184 0.06704333605604167 0.061701116008908666
0 0.15498094747586738 0.7949868780235444 0.06191942496187504 0.04289657200827239
0 0.12642149601284663 0.7126010920194081 0.08884560087368061 0.058830654678545
0 0.059456120822221806 0.5008272506763177 0.10781380642076392 0.06842383068109026
0 0.035441965046388677 0.5418880553389542 0.07088393009277735 0.058776110677908555