2 0.40274164227611464 0.48763501054397 0.050172716822512696 0.03201628742738745
3 0.615945624223938 0.5108499944139195 0.032967036104353475 0.02809076674922295
0 0.41131669067710835 0.6255716581866052 0.0548602168225127 0.03223461124870504
3 0.5932252208295334 0.6551436499144375 0.031404536104353474 0.028017992142117087
1 0.6209275191323312 0.729109842842343 0.5540522166261208 0.18513721091547347
1 0.5297520315271672 0.9475771290313852 0.33965337334017515 0.10484574193722943
1 0.6195352742986927 0.1624852690210254 0.7609294514026146 0.3025559590534467
1 0.5440791937021705 0.640351249790603 0.32539088544042355 0.08232461827801832
0 0.31963526824856847 0.13132504445670076 0.1457761083130605 0.08645553846084475
1 0.5613581181738138 0.4911153831652145 0.3787976865718917 0.1332364549196175
0 0.39367921790266724 0.7021148875084406 0.08313066256778665 0.0585445541766104
3 0.6957138956939602 0.769321773983424 0.05181703005422929 0.04615156203449331
3 0.8879489310127469 0.23281500144323286 0.06757838544042372 0.07031680810555185
0 0.3898537393726896 0.9566932255977818 0.05644089754067192 0.03543238585581108
3 0.5814054351179634 0.9406081149682495 0.032976126463433175 0.029653266749222952