3 0.6244986398101571 0.116352513803013 0.04891234387822045 0.050818206168510204
0 0.28415496334806045 0.9584168774372797 0.044896005931499075 0.028888659090609538
0 0.3134232410655704 0.4317180097425279 0.055960839923887826 0.03220457386326192
0 0.27832138779580967 0.5267947305215348 0.07515650889724856 0.04346935633066593
1 0.4054078808385464 0.9523969281686282 0.295434516805914 0.08478765178371361
2 0.3802313280608897 0.018345256496117044 0.05127333992388783 0.03212275324641088
0 0.23202729692051977 0.16848339854059796 0.09942167984777565 0.06419095941492108
1 0.4449279090503479 0.4231770324706994 0.32684102570316254 0.12749334902377002
1 0.4447767173395742 0.5418452118538484 0.42122769566510654 0.1447547613607904
1 0.5115304076046543 0.03991411363756192 0.3300641847906915 0.07982822727512384
1 0.5068853754757011 0.18632586891586297 0.6915640533834914 0.2650162629823482
3 0.4885241283670885 0.9626565438347849 0.03064250494291585 0.023955697240056396
3 0.5051703892786845 0.5158088173737354 0.03245967292769336 0.030232970779006864
3 0.5504310815209308 0.0031282696852791086 0.02869800296574958 0.006256539370558217