2 0.671875 0.42777777777777776 0.08125 0.3333333333333333
2 0.196875 0.39166666666666666 0.09375 0.35
0 0.465625 0.24444444444444444 0.03125 0.03611111111111111
0 0.2640625 0.25277777777777777 0.025 0.04722222222222222
2 0.459375 0.4666666666666667 0.1734375 0.49166666666666664
2 0.1078125 0.525 0.2125 0.9416666666666667
1 0.665625 0.4861111111111111 0.025 0.030555555555555555
2 0.2625 0.38333333333333336 0.0734375 0.3111111111111111
0 0.0484375 0.12222222222222222 0.0875 0.14444444444444443
0 0.675 0.2916666666666667 0.0296875 0.05555555555555555
3 0.434375 0.2611111111111111 0.0390625 0.075
3 0.465625 0.28055555555555556 0.034375 0.07222222222222222
0 0.19375 0.24722222222222223 0.0296875 0.05555555555555555
1 0.440625 0.5388888888888889 0.0390625 0.03888888888888889