0 0.7984375 0.3416666666666667 0.025 0.041666666666666664
2 0.60625 0.4638888888888889 0.078125 0.2972222222222222
2 0.95625 0.48055555555555557 0.0859375 0.36666666666666664
1 0.7796875 0.5111111111111111 0.0203125 0.025
1 0.5890625 0.5055555555555555 0.021875 0.019444444444444445
0 0.965625 0.3277777777777778 0.0296875 0.05555555555555555
1 0.821875 0.5805555555555556 0.0328125 0.03611111111111111
0 0.834375 0.3111111111111111 0.0359375 0.06388888888888888
2 0.8375 0.5 0.1234375 0.44166666666666665
0 0.6046875 0.33611111111111114 0.025 0.041666666666666664
2 0.7828125 0.4527777777777778 0.0484375 0.3111111111111111