2 0.8359375 0.48333333333333334 0.096875 0.3333333333333333
0 0.4890625 0.25555555555555554 0.0625 0.10833333333333334
2 0.9578125 0.49166666666666664 0.084375 0.3472222222222222
2 0.503125 0.5333333333333333 0.1734375 0.6888888888888889
2 0.6421875 0.4638888888888889 0.0734375 0.3
1 0.65 0.5333333333333333 0.0203125 0.025
1 0.49375 0.6555555555555556 0.0515625 0.058333333333333334
2 0.0890625 0.5027777777777778 0.140625 0.4444444444444444
2 0.709375 0.475 0.078125 0.3138888888888889
0 0.828125 0.3472222222222222 0.03125 0.05555555555555555
0 0.70625 0.3416666666666667 0.0265625 0.04722222222222222
0 0.653125 0.3388888888888889 0.0265625 0.041666666666666664
0 0.1 0.325 0.0375 0.08055555555555556
0 0.9609375 0.3527777777777778 0.0328125 0.06111111111111111
1 0.95625 0.5472222222222223 0.025 0.027777777777777776
1 0.8171875 0.5472222222222223 0.0265625 0.030555555555555555
1 0.6953125 0.5222222222222223 0.025 0.027777777777777776