3 0.7921875 0.45555555555555555 0.01875 0.041666666666666664
1 0.5140625 0.6111111111111112 0.028125 0.03333333333333333
0 0.65 0.4111111111111111 0.028125 0.05
0 0.796875 0.40555555555555556 0.0234375 0.05
0 0.1953125 0.35555555555555557 0.04375 0.07777777777777778
2 0.7984375 0.5194444444444445 0.08125 0.2861111111111111
2 0.5078125 0.5527777777777778 0.1109375 0.35833333333333334
2 0.65625 0.5444444444444444 0.0765625 0.31666666666666665
2 0.2015625 0.5666666666666667 0.115625 0.5055555555555555
1 0.653125 0.5944444444444444 0.025 0.030555555555555555
1 0.184375 0.6444444444444445 0.0375 0.03888888888888889
0 0.51875 0.40555555555555556 0.0328125 0.05555555555555555