3 0.515625 0.33611111111111114 0.0296875 0.06111111111111111
1 0.7296875 0.6 0.0328125 0.03333333333333333
0 0.734375 0.3472222222222222 0.0390625 0.06944444444444445
0 0.084375 0.2722222222222222 0.046875 0.08333333333333333
0 0.5421875 0.3138888888888889 0.0375 0.058333333333333334
2 0.7359375 0.5305555555555556 0.1203125 0.4444444444444444
2 0.1375 0.5166666666666667 0.184375 0.5777777777777777
2 0.5375 0.49722222222222223 0.1328125 0.42777777777777776
3 0.540625 0.35833333333333334 0.03125 0.06666666666666667
1 0.5078125 0.5916666666666667 0.028125 0.03611111111111111
0 0.4109375 0.4 0.021875 0.044444444444444446
0 0.1328125 0.3 0.053125 0.09444444444444444
1 0.078125 0.6194444444444445 0.0390625 0.044444444444444446
2 0.3984375 0.49444444444444446 0.08125 0.24166666666666667