1 0.5960173809614332 0.9627467407277457 0.469295421544777 0.07450651854450854
1 0.5281945975875543 0.8216735198992454 0.6484385417616941 0.3026512822237173
1 0.6353036365205781 0.6795855964480685 0.33979881908544896 0.1443320126631562
1 0.6389013351927182 0.598499370758328 0.22862496974937904 0.0978930246489437
1 0.6121848199692118 0.4892538455435574 0.2833670119038567 0.11013407507848498
0 0.7889543147046545 0.9924319979638352 0.07984203610435366 0.015136004072329711
2 0.7774133475875542 0.8347345211424407 0.12069429508134384 0.07193031094499096
0 0.7674530611886131 0.6661925610565326 0.06270907825883114 0.03921298620519007
3 0.3958679109174666 0.8655353052907813 0.06125566256778665 0.057881099050060315
0 0.7264604225267357 0.5929288014455942 0.04546703610435347 0.028937227498762753
0 0.7900996999486863 0.8033583683834788 0.09876475292686618 0.06140889077317446
0 0.7290864945390509 0.4101981886007239 0.07213862041330898 0.049079309135968606
0 0.7279325398167866 0.474219745023159 0.04235112646343318 0.03033595318850324
0 0.7258478650505558 0.42956566429046433 0.06109203610435365 0.029756099050060315
3 0.5402280067374953 0.49954953640758876 0.031395445745273774 0.026637743102595125
3 0.4608723048439013 0.4383420414959714 0.03925339754067192 0.034859678878243726
1 0.5531961602300955 0.4197358836486268 0.4369192587805987 0.19159651628120072