3 0.4968366727776735 0.11977685289470844 0.06228310087368065 0.059940484390903395
0 0.8888299238245132 0.7800844473518964 0.07903418977951375 0.041790685116542645
0 0.7938175094993054 0.29356161559339816 0.04589438145888902 0.02658234736759475
1 0.6249447954028472 0.05779026278350776 0.43761040919430555 0.08709827295030878
0 0.7927277881846525 0.27319455189106734 0.05853985182361114 0.0332688569862416
3 0.47654878258197864 0.722683598085385 0.05450696846486132 0.06123016587924912
0 0.9224970622172564 0.7445115351008443 0.1236570119678472 0.08081846878180662
1 0.666710148841979 0.2789584238534334 0.3183525693385418 0.12820936787083284
0 0.8407133061364235 0.15993314925866214 0.10617857123840295 0.06771826805616735
1 0.5911126964290276 0.16763648873689063 0.6240233007211808 0.2481697261230189
1 0.616482798349548 0.7572818312951621 0.7396859747331253 0.32090287639317144