0 0.32828801323005713 0.857336623699004 0.0690068651776464 0.042583647670578983
3 0.5360854348606257 0.6336445754171693 0.03739299214211726 0.03313340456798421
3 0.5641868560769093 0.5509482620973293 0.04386131596343468 0.03814845318850324
0 0.30163119809519195 0.5192634136130959 0.05352741439185813 0.04488977611928178
1 0.4811304152159185 0.7086988070998037 0.4644692224974101 0.13344982360814708
0 0.3273461356464139 0.6195876402073475 0.06715326674922303 0.03625176051544958
0 0.29292193982302434 0.7003939049066685 0.08179796360606986 0.04948874491161739
2 0.2718153813031877 0.7826774604245925 0.10759848428423427 0.06798643939369349
1 0.49705286000585075 0.5318430580043149 0.47896837014004523 0.1435618080043149
1 0.4802528118250963 0.6229250814100632 0.37980312406898664 0.12277791723114043
1 0.5914557932138464 0.8017671336486268 0.7612800641014079 0.28149333446228086
0 0.3329903600058507 0.5232449067156908 0.06468323821317572 0.05015048620519007
3 0.7017961337843871 0.8449582909301446 0.07315070967712849 0.06462242198083885
3 0.5442317669541108 0.45716064054603167 0.0371746683207995 0.028445904567984216
1 0.4819308200972639 0.4414260979184066 0.3542209272121397 0.10896772274906433
0 0.342050682793711 0.43331594753429375 0.06544521753501131 0.033044873360319825