1 0.7125 0.4638888888888889 0.021875 0.025
1 0.3734375 0.5638888888888889 0.0484375 0.05277777777777778
0 0.5765625 0.2861111111111111 0.0234375 0.06388888888888888
0 0.2453125 0.25555555555555554 0.0296875 0.05
3 0.5546875 0.2833333333333333 0.03125 0.058333333333333334
0 0.7171875 0.30277777777777776 0.025 0.041666666666666664
2 0.240625 0.39444444444444443 0.1015625 0.3277777777777778
2 0.715625 0.4166666666666667 0.065625 0.275
0 0.4 0.21944444444444444 0.053125 0.08888888888888889
1 0.55625 0.49444444444444446 0.0296875 0.03333333333333333
1 0.2203125 0.4388888888888889 0.025 0.027777777777777776
2 0.4109375 0.48333333333333334 0.171875 0.6277777777777778
2 0.5703125 0.4388888888888889 0.1203125 0.375