0 0.4859375 0.265625 0.02109375 0.05703125
3 0.7890625 0.4640625 0.02265625 0.02578125
0 0.2515625 0.2421875 0.046875 0.084375
1 0.2640625 0.46953125 0.159375 0.54609375
1 0.475 0.421875 0.0953125 0.38359375
1 0.390625 0.3921875 0.0625 0.22890625
1 0.5796875 0.47109375 0.11796875 0.53828125
0 0.575 0.2453125 0.04453125 0.07890625
3 0.21640625 0.578125 0.04375 0.04921875
3 0.56484375 0.54453125 0.040625 0.03984375
0 0.465625 0.2609375 0.0296875 0.05625
3 0.4640625 0.50078125 0.02890625 0.03359375
0 0.390625 0.29921875 0.01953125 0.03828125