1 0.35353416153326184 0.4869325787312306 0.2045040277596321 0.4454875982129911
1 0.8977206711519088 0.48392377028594896 0.1944098090626433 0.6483125892845374
0 0.6374181213293939 0.25971510835596556 0.06253969473518968 0.09166139448011297
3 0.7153967552726596 0.5338986765371846 0.05012897477225646 0.04928297970746058
2 0.559119506538604 0.28570881817792376 0.06906251324684387 0.0995829886359143
3 0.6431273964723194 0.6334798908233696 0.06161211179556503 0.06509889448011297
0 0.932832314250485 0.2171862836786295 0.05047620435383635 0.1039432061685102
3 0.37945925527265956 0.5280348656628615 0.0371924651536097 0.03656479139585791
1 0.5797494319516818 0.5456020154179801 0.28637905425332005 0.6436717280826073
1 0.6756100581752171 0.46441229098552544 0.2182242765785059 0.5253660129856434
0 0.32510660508732514 0.31602006087432305 0.05100199400955026 0.07428297970746059