0 0.8125 0.2861111111111111 0.0625 0.08333333333333333
2 0.9015625 0.4722222222222222 0.084375 0.3055555555555556
2 0.390625 0.475 0.078125 0.3277777777777778
0 0.9046875 0.35 0.025 0.05
3 0.3734375 0.5222222222222223 0.0234375 0.025
0 0.3890625 0.3388888888888889 0.028125 0.05277777777777778
1 0.50625 0.2777777777777778 0.0484375 0.075
3 0.8921875 0.5166666666666667 0.021875 0.022222222222222223
2 0.975 0.475 0.0484375 0.3888888888888889
2 0.5109375 0.46944444444444444 0.1765625 0.48333333333333334
3 0.434375 0.55 0.0296875 0.03611111111111111