2 0.329696777189103 0.3661218413743753 0.04155230032431154 0.05407055737069442
1 0.24030086079159757 0.5686454696991321 0.21832862905554212 0.4283471248093752
3 0.14448952881066082 0.6273281790459376 0.027080697240056482 0.030305749050069507
1 0.6773138912304068 0.5061903290252784 0.5966789147660618 0.9869298763279867
0 0.18435304951023737 0.40569022159899315 0.05284435633066602 0.07463763050895836
0 0.07493318506189656 0.4453138064207639 0.04325116801906326 0.06191942496187508
1 0.10591222402212239 0.5647366068576043 0.1615683400953163 0.3083242591180557
3 0.2616770288106608 0.6300557483844793 0.03823638555165916 0.043060322188333444
3 0.8795520957740639 0.7732908293096188 0.11133869480442442 0.115045731382639
0 0.6068693831160272 0.1390742577868755 0.14710464529089187 0.1955333183886112
3 0.40025255924947006 0.5606543977951393 0.031850017856907484 0.03510235182361114
1 0.3648957118472578 0.5036043107891669 0.18261722564697552 0.35098453780340294