1 0.1296875 0.5666666666666667 0.0453125 0.05
1 0.9484375 0.49166666666666664 0.0296875 0.03611111111111111
1 0.5859375 0.4888888888888889 0.03125 0.03333333333333333
0 0.575 0.30277777777777776 0.034375 0.06111111111111111
1 0.23125 0.5083333333333333 0.0265625 0.030555555555555555
0 0.24375 0.25555555555555554 0.0375 0.06388888888888888
0 0.653125 0.26666666666666666 0.0234375 0.044444444444444446
0 0.0609375 0.28055555555555556 0.034375 0.06944444444444445
0 0.5125 0.2777777777777778 0.0328125 0.05555555555555555
0 0.5921875 0.25833333333333336 0.0375 0.06666666666666667
2 0.878125 0.425 0.178125 0.4166666666666667
3 0.4 0.2611111111111111 0.0328125 0.06111111111111111
2 0.0578125 0.45 0.09375 0.4166666666666667
2 0.590625 0.42777777777777776 0.08125 0.4027777777777778
2 0.6578125 0.3972222222222222 0.06875 0.3138888888888889
2 0.1578125 0.475 0.1265625 0.5666666666666667
3 0.8734375 0.25555555555555554 0.034375 0.06388888888888888
0 0.153125 0.2388888888888889 0.046875 0.08888888888888889
2 0.515625 0.4222222222222222 0.084375 0.35
2 0.253125 0.4444444444444444 0.103125 0.44166666666666665
2 0.40625 0.4305555555555556 0.096875 0.40555555555555556
1 0.396875 0.49166666666666664 0.03125 0.03888888888888889
1 0.50625 0.49722222222222223 0.028125 0.03333333333333333
1 0.646875 0.4722222222222222 0.021875 0.027777777777777776