1 0.24375 0.47421875 0.146875 0.52421875
1 0.4703125 0.42578125 0.09375 0.33359375
1 0.59296875 0.40546875 0.07890625 0.30078125
3 0.4578125 0.48125 0.0265625 0.02890625
3 0.5921875 0.45390625 0.021875 0.02421875
0 0.259375 0.26875 0.0421875 0.0796875
0 0.228125 0.25703125 0.03828125 0.07578125
3 0.20390625 0.590625 0.04140625 0.04921875
1 0.8390625 0.40859375 0.171875 0.290625
2 0.465625 0.29375 0.02734375 0.05078125
0 0.5890625 0.29609375 0.0234375 0.04453125
0 0.834375 0.290625 0.02734375 0.05
0 0.5984375 0.27578125 0.0234375 0.03984375
0 0.47421875 0.2828125 0.02578125 0.05234375