1 0.578125 0.49609375 0.11484375 0.46953125
1 0.48359375 0.453125 0.09296875 0.3953125
1 0.209375 0.46015625 0.09765625 0.33359375
3 0.55390625 0.57734375 0.03671875 0.0453125
2 0.484375 0.290625 0.03515625 0.06484375
1 0.884375 0.38828125 0.08984375 0.26015625
0 0.56953125 0.29921875 0.03984375 0.0703125
1 0.76484375 0.390625 0.05859375 0.24609375
2 0.878125 0.2828125 0.02265625 0.04140625
2 0.2109375 0.321875 0.02734375 0.0515625
0 0.7625 0.28828125 0.0203125 0.0359375
3 0.7609375 0.465625 0.01796875 0.0234375
3 0.8703125 0.43203125 0.01796875 0.021875