1 0.9783097857302202 0.4070304906945131 0.04338042853955955 0.488736498100139
1 0.3158551305964091 0.25077537110656223 0.22022612731704871 0.3905925516711113
1 0.890466706240721 0.31953245032565897 0.1353863805964089 0.26064917211208344
1 0.663627567276569 0.2747511996600689 0.13735831637205784 0.268498039703264
1 0.8164183746035153 0.29466104331555487 0.12494684757972223 0.24011846656500008
2 0.3450812059020368 0.10695198271381916 0.047353034825709094 0.06976829255305561
0 0.8319814196059896 0.20356326463020763 0.030417840343633172 0.04440461664124999
0 0.9054974847348521 0.21827842164031175 0.03198034034363317 0.04444098423243057
0 0.6865117893482648 0.17409658301881886 0.03724105042954129 0.05548758700597225
3 0.8698576351189647 0.35912228039777705 0.024829581637205677 0.027108013867708357
2 0.36617495590203675 0.10646102023288165 0.04414614767057934 0.06813305737069446