2 0.5625 0.5888888888888889 0.1 0.4
0 0.08125 0.34444444444444444 0.071875 0.125
2 0.109375 0.6333333333333333 0.2171875 0.7138888888888889
1 0.55625 0.6527777777777778 0.028125 0.030555555555555555
1 0.403125 0.7055555555555556 0.034375 0.03888888888888889
1 0.034375 0.8583333333333333 0.0625 0.07777777777777778
0 0.3609375 0.42777777777777776 0.03125 0.06388888888888888
2 0.415625 0.6027777777777777 0.115625 0.4888888888888889
0 0.471875 0.4305555555555556 0.0265625 0.05
0 0.5640625 0.4222222222222222 0.0328125 0.06111111111111111
0 0.171875 0.39444444444444443 0.03125 0.05555555555555555
2 0.3546875 0.5777777777777777 0.065625 0.3888888888888889
2 0.4796875 0.5722222222222222 0.0671875 0.3388888888888889
0 0.3828125 0.425 0.021875 0.05555555555555555
2 0.1859375 0.5694444444444444 0.0765625 0.4166666666666667
0 0.415625 0.4027777777777778 0.040625 0.075
0 0.1375 0.37222222222222223 0.04375 0.08055555555555556