1 0.25100096338170685 0.7870196707925736 0.09883728292387647 0.34112479991529554
0 0.48928691039957073 0.9621084889825461 0.0376196719450391 0.059905621018452496
3 0.6314195522572204 0.6495314362246534 0.05618781551854859 0.05474768415851479
0 0.2625796578922882 0.926992223409292 0.03279577962517113 0.05494510523343692
3 0.33492498548503064 0.6729564417686739 0.03555706677218975 0.042627115756780756
0 0.589295270586985 0.9765067405097255 0.06013116943775678 0.04698651898054891
1 0.5881803661264161 0.7170106431687964 0.17361728872986432 0.5659787136624072
1 0.48475383775488623 0.795156207412515 0.12409334718878373 0.40498987884037324
0 0.38286106565156247 0.9081728759271886 0.02305706677218975 0.04189907366340577
1 0.7804982467678018 0.7881187101845253 0.17978105753448262 0.42376257963094943
1 0.3147966904204533 0.7461286312594476 0.12812762932123736 0.4364218893637169
1 0.38646109026216874 0.8113433785580245 0.07726850831327017 0.24315773677523325
2 0.3145286027985811 0.916714147044463 0.04106292069139794 0.07102513154179632
0 0.7571874642396367 0.9724594009554235 0.0550799565847754 0.055081198089153106