1 0.475 0.6416666666666667 0.0375 0.03888888888888889
1 0.0203125 0.6 0.0375 0.041666666666666664
1 0.190625 0.6944444444444444 0.040625 0.05277777777777778
0 0.0453125 0.30833333333333335 0.0453125 0.07777777777777778
3 0.475 0.35833333333333334 0.034375 0.06388888888888888
0 0.1921875 0.3111111111111111 0.04375 0.075
0 0.246875 0.35555555555555557 0.025 0.058333333333333334
0 0.2234375 0.34444444444444444 0.025 0.05555555555555555
2 0.0578125 0.5194444444444445 0.115625 0.5111111111111111
2 0.209375 0.5333333333333333 0.1625 0.5361111111111111
2 0.4890625 0.5638888888888889 0.11875 0.48055555555555557