1 0.6984375 0.36328125 0.05703125 0.24609375
3 0.10234375 0.715625 0.06875 0.07578125
1 0.50390625 0.44453125 0.10625 0.41953125
1 0.1734375 0.5890625 0.2421875 0.78515625
1 0.64375 0.39609375 0.06953125 0.30390625
0 0.49140625 0.26953125 0.034375 0.065625
3 0.47890625 0.50390625 0.03046875 0.03359375
3 0.63359375 0.434375 0.02265625 0.025
2 0.175 0.2625 0.065625 0.11953125
0 0.68828125 0.26171875 0.02109375 0.0390625
2 0.64296875 0.26875 0.0234375 0.04296875
3 0.68671875 0.40390625 0.0171875 0.02109375