1 0.43828125 0.40234375 0.0734375 0.3328125
1 0.51015625 0.42578125 0.0890625 0.3640625
1 0.58671875 0.40390625 0.06171875 0.2640625
0 0.44140625 0.2609375 0.02890625 0.046875
0 0.5046875 0.278125 0.03359375 0.06640625
3 0.49140625 0.490625 0.02734375 0.03125
3 0.42421875 0.45 0.02421875 0.02265625
1 0.3078125 0.39375 0.053125 0.20546875
0 0.58984375 0.2953125 0.025 0.04296875
3 0.58046875 0.47734375 0.01953125 0.0234375
0 0.30625 0.31015625 0.01953125 0.03671875
3 0.290625 0.4453125 0.015625 0.01953125
3 0.69375 0.440625 0.01875 0.021875
1 0.70078125 0.4015625 0.06015625 0.25078125