3 0.38828125 0.5609375 0.0375 0.04375
0 0.04140625 0.234375 0.0484375 0.09140625
0 0.31015625 0.2625 0.0296875 0.0546875
0 0.421875 0.25546875 0.0375 0.06953125
2 0.50078125 0.32265625 0.03125 0.04921875
3 0.0125 0.6203125 0.025 0.05
3 0.04609375 0.76875 0.06328125 0.0796875
0 0.3953125 0.25703125 0.0234375 0.05390625
3 0.47421875 0.4984375 0.0265625 0.0296875
0 0.48203125 0.2890625 0.02890625 0.04140625
1 0.403125 0.465625 0.1234375 0.49609375
1 0.109375 0.58125 0.21640625 0.815625
1 0.3046875 0.40625 0.0796875 0.34609375
3 0.28828125 0.4625 0.02578125 0.03046875
0 0.09609375 0.23671875 0.06640625 0.1203125
1 0.4890625 0.4328125 0.071875 0.33828125