2 0.453125 0.5472222222222223 0.2734375 0.8833333333333333
2 0.6359375 0.475 0.0796875 0.33611111111111114
0 0.2578125 0.3388888888888889 0.03125 0.06944444444444445
0 0.634375 0.3333333333333333 0.0296875 0.05277777777777778
1 0.61875 0.5305555555555556 0.025 0.030555555555555555
3 0.7484375 0.3111111111111111 0.040625 0.07777777777777778
1 0.7421875 0.575 0.034375 0.03611111111111111
1 0.378125 0.7861111111111111 0.075 0.08611111111111111
0 0.45 0.19722222222222222 0.0921875 0.17777777777777778
2 0.246875 0.48333333333333334 0.10625 0.3638888888888889
2 0.75625 0.5 0.1109375 0.4638888888888889