1 0.703125 0.3972222222222222 0.028125 0.03333333333333333
3 0.4171875 0.17222222222222222 0.025 0.05277777777777778
2 0.4203125 0.3 0.078125 0.30833333333333335
1 0.2796875 0.4638888888888889 0.0515625 0.05
2 0.3203125 0.36666666666666664 0.15 0.5694444444444444
2 0.7140625 0.33055555555555555 0.0796875 0.34444444444444444
0 0.7171875 0.18888888888888888 0.0296875 0.058333333333333334
2 0.08125 0.3194444444444444 0.109375 0.3638888888888889
0 0.55625 0.18611111111111112 0.0234375 0.04722222222222222
2 0.553125 0.2916666666666667 0.06875 0.25833333333333336
0 0.3125 0.14444444444444443 0.05 0.11388888888888889
0 0.08125 0.17222222222222222 0.025 0.05555555555555555
1 0.040625 0.3638888888888889 0.0265625 0.027777777777777776