1 0.46875 0.6570455999363666 0.3640625 0.15579875071608865
0 0.3875 0.44861602928072963 0.0375 0.023873852005090512
0 0.321875 0.6165671452896383 0.0609375 0.03664657200827222
0 0.32578125 0.6399591919557748 0.046875 0.033357940006363405
2 0.36953125 0.4800751146165023 0.0828125 0.050963610677908555
3 0.50234375 0.8207172012651395 0.0359375 0.03479317067154497
3 0.53671875 0.6734422119271397 0.040625 0.033285214672181596
3 0.61640625 0.977202463916322 0.0671875 0.032031797342454024
3 0.67109375 0.5492223672422314 0.0484375 0.04118862133990877
2 0.3796875 0.5151131859484569 0.0640625 0.0444954346753633
0 0.215625 0.8888972259707287 0.1171875 0.07948860001590816
1 0.446875 0.8010501386060028 0.359375 0.1448067067154522
1 0.5078125 0.8933098165977305 0.715625 0.20988955076381366
0 0.30234375 0.7792944119589564 0.059375 0.03975339067472685