3 0.8171875 0.43828125 0.01796875 0.01875
2 0.59296875 0.275 0.03203125 0.0515625
0 0.83671875 0.31015625 0.021875 0.0375
3 0.54609375 0.46171875 0.02109375 0.02421875
0 0.553125 0.26953125 0.02578125 0.04609375
3 0.58828125 0.4859375 0.02734375 0.0296875
3 0.19609375 0.734375 0.071875 0.07109375
1 0.8296875 0.41171875 0.0640625 0.24375
1 0.54296875 0.39296875 0.06171875 0.30078125
0 0.2484375 0.23125 0.0765625 0.14140625
1 0.596875 0.4296875 0.08203125 0.37109375
1 0.25625 0.575 0.234375 0.83203125