2 0.540421986141752 0.7832117378494645 0.05639985731976367 0.07216766587924912
2 0.7483735731976358 0.6781348243324681 0.030162688998963995 0.04473214664195524
2 0.7616762479285761 0.728534128416152 0.03528683664159917 0.0542708377489479
1 0.5002763674494488 0.610111543747247 0.2539942187733564 0.5298958642426358
1 0.8390456149682495 0.5583729066391203 0.1728426104201354 0.3617063702330856
1 0.7318174658778723 0.6082861158022803 0.15198214681406555 0.3157391058051154
0 0.8644181042148824 0.69990564221115 0.03848461124870504 0.05594246515360979
3 0.5013444077723204 0.5490376344914198 0.04934933664159917 0.054761911069925694
0 0.19262880313864392 0.9268204164274033 0.08074919396136275 0.12605655771188112
0 0.5485641259265043 0.823618483040141 0.05945208271265763 0.07071429328391084
1 0.1678106238595896 0.6459796441948847 0.30753024937631823 0.7080407116102305