1 0.10190475118112637 0.5368713974679861 0.20380950236225273 0.7793822050640278
3 0.000741522147700569 0.7109907079066252 0.001483044295401138 0.0780185841867496
0 0.33502724211063367 0.2744190871705213 0.05607143992586625 0.08746917889684287
1 0.6511259241471337 0.46573724800444866 0.11482147966639786 0.3856028420086702
0 0.5993427132546931 0.296448192686307 0.04987600362819702 0.08866765785015547
0 0.5451363628918735 0.3081816242139858 0.06571925843752062 0.09582771046687402
1 0.3005083652541261 0.48148042924977874 0.16299113955519734 0.5147134893354819
3 0.3531968225183695 0.7364794714137407 0.07314981252120453 0.08534523677523324
3 0.6959448616259291 0.5442115875234572 0.030887901451278843 0.03610409997176518
3 0.6291665893934104 0.5364060637753467 0.030887901451278843 0.03610409997176518
1 0.4093525971979588 0.5796155504094056 0.344796733379413 0.8090990681193855
3 0.27941212605389937 0.549759992389841 0.0438244110699257 0.049332142065139806
1 0.7181224511889756 0.46729277175255907 0.13894846042910433 0.3620589261954198
0 0.4369171243246188 0.2591287451618512 0.09057541469812272 0.13781778939195172
2 0.06813240798988278 0.2369469921780794 0.07445934137714505 0.12284523677523325
0 0.7106150299522489 0.3250520638459339 0.03968254809323426 0.0646841262801244
1 0.5342087534585611 0.5318011347373295 0.21297627058805607 0.6065061471856374
0 0.6633134440173996 0.3176714743269253 0.043080366604888454 0.07267863680346806
0 0.7424825888452563 0.32787395598166097 0.03623016587924912 0.05512711575678066
1 0.5889979463796522 0.4810507058404866 0.1477282381039185 0.47951944198043533