2 0.9296875 0.4861111111111111 0.084375 0.3333333333333333
0 0.94375 0.3527777777777778 0.0203125 0.03888888888888889
3 0.4546875 0.30833333333333335 0.0296875 0.06111111111111111
2 0.44375 0.4666666666666667 0.1125 0.3888888888888889
0 0.2453125 0.3333333333333333 0.0328125 0.06111111111111111
2 0.2390625 0.4861111111111111 0.1078125 0.375
2 0.05 0.49444444444444446 0.0984375 0.42777777777777776
2 0.665625 0.46111111111111114 0.075 0.3055555555555556
0 0.9203125 0.3472222222222222 0.0296875 0.05277777777777778
1 0.925 0.5527777777777778 0.0234375 0.027777777777777776
1 0.6484375 0.5111111111111111 0.0203125 0.025
0 0.6625 0.3333333333333333 0.0265625 0.044444444444444446
0 0.028125 0.32222222222222224 0.0359375 0.06944444444444445