0 0.42995550807604205 0.550300632790069 0.051944308004454244 0.03401263050895835
2 0.5545502594684484 0.9826747620647567 0.06417158800127254 0.010866071238402952
0 0.509183215467812 0.9790419222089927 0.07990567600254543 0.02060474715020817
0 0.2061698260264079 0.1897852793509373 0.1654442813494538 0.12256859707395851
2 0.3934265673933609 0.4331501535916316 0.07089430267345423 0.05163654160312507
3 0.7584130313494538 0.1011299020730202 0.07745338534372674 0.07834451196784728
1 0.5519583247533142 0.625607144473576 0.4488578600413618 0.31505226348645865
1 0.5530464680537703 0.3833287254956246 0.41480902936027136 0.208038544071667
1 0.509094831357408 0.17625272226458327 0.8306896627148159 0.35250544452916655
1 0.6756434621259941 0.912650589952673 0.43761018268618096 0.15389655793937534
3 0.6224959020528157 0.37467911768808976 0.041061352005090514 0.03844555737069442
2 0.4237066027609502 0.6848574707459718 0.06141021467218159 0.04204333605604162