0 0.85625 0.35 0.028125 0.04722222222222222
2 0.3703125 0.4638888888888889 0.0828125 0.28888888888888886
2 0.678125 0.5055555555555555 0.1421875 0.5583333333333333
2 0.203125 0.55 0.2484375 0.7805555555555556
1 0.846875 0.5194444444444445 0.021875 0.022222222222222223
0 0.3765625 0.3472222222222222 0.025 0.044444444444444446
2 0.8609375 0.4777777777777778 0.0875 0.3
3 0.2046875 0.2222222222222222 0.06875 0.11944444444444445
0 0.675 0.2777777777777778 0.0453125 0.08888888888888889
1 0.65625 0.5972222222222222 0.040625 0.04722222222222222
1 0.1203125 0.6722222222222223 0.0546875 0.06388888888888888