3 0.0453125 0.628125 0.090625 0.1125
0 0.7734375 0.196875 0.0484375 0.075
0 0.51875 0.14375 0.05 0.0765625
1 0.4703125 0.34765625 0.2234375 0.5078125
0 0.471875 0.1515625 0.0546875 0.0890625
2 0.20234375 0.0640625 0.1078125 0.128125
3 0.58984375 0.4640625 0.046875 0.0546875
3 0.73125 0.4375 0.0390625 0.0390625
3 0.40625 0.42890625 0.0421875 0.046875
1 0.18671875 0.4859375 0.3734375 0.971875
1 0.7484375 0.375 0.1484375 0.4375
1 0.62578125 0.37265625 0.18125 0.5296875
0 0.6484375 0.159375 0.0578125 0.090625