3 0.546875 0.265625 0.025 0.0296875
2 0.78671875 0.059375 0.02578125 0.04921875
1 0.7140625 0.15390625 0.03828125 0.20546875
3 0.6625 0.23828125 0.02265625 0.02578125
2 0.325 0.08203125 0.065625 0.134375
1 0.66640625 0.17890625 0.071875 0.31015625
1 0.78828125 0.17734375 0.0765625 0.28984375
1 0.56875 0.20546875 0.08359375 0.315625
1 0.34609375 0.41640625 0.221875 0.80703125
0 0.71484375 0.06953125 0.01796875 0.03203125
0 0.6734375 0.05078125 0.02578125 0.0515625
3 0.78125 0.23203125 0.0203125 0.0234375
0 0.5671875 0.07578125 0.0265625 0.05859375