0 0.078125 0.3055555555555556 0.0546875 0.11388888888888889
0 0.471875 0.3861111111111111 0.040625 0.08333333333333333
1 0.259375 0.5944444444444444 0.028125 0.03888888888888889
1 0.4703125 0.65 0.0375 0.044444444444444446
1 0.15 0.7555555555555555 0.0625 0.07222222222222222
1 0.053125 0.6666666666666666 0.046875 0.04722222222222222
2 0.1875 0.5916666666666667 0.190625 0.8
0 0.171875 0.26666666666666666 0.08125 0.15
2 0.059375 0.5583333333333333 0.1078125 0.6333333333333333
2 0.4703125 0.5722222222222222 0.10625 0.4666666666666667
2 0.278125 0.5166666666666667 0.0734375 0.3972222222222222
0 0.2625 0.35 0.0328125 0.058333333333333334