0 0.5428466891139239 0.25703596192713973 0.02332970364722229 0.06275453866963625
3 0.22128473290125045 0.47567961063813763 0.025654616641249996 0.028415901336727244
0 0.7961710576550349 0.22908149522600496 0.05210932028847246 0.09120680267345423
1 0.7870370194703823 0.47456671789468663 0.18558558187506993 0.591062446689999
1 0.5592925727570142 0.4264217612587761 0.11272604407166717 0.41369996801399933
1 0.6499351033422226 0.39254565324636764 0.074496079406528 0.24767497867599958
1 0.4472296370615629 0.48008365794082086 0.14165374391916713 0.5827408693507266
0 0.446243792837396 0.23627911394018458 0.04883884992374998 0.08492044000636331
3 0.842108338808924 0.5911451432209143 0.04811149810013902 0.05367044000636341
3 0.46547245041618107 0.5587990039385937 0.04476829255305574 0.044259077339272326
0 0.5646125863403821 0.2520939232575035 0.03266833605604162 0.06130112667090888
3 0.5729751726807644 0.5106604012571854 0.03212282218833344 0.037863626670909055
0 0.6468081437110766 0.29177349391314034 0.022820557370694418 0.04087953866963625