2 0.7 0.46944444444444444 0.059375 0.3138888888888889
0 0.9453125 0.35 0.03125 0.05555555555555555
0 0.7046875 0.3388888888888889 0.025 0.04722222222222222
0 0.828125 0.33055555555555555 0.028125 0.044444444444444446
0 0.7625 0.3138888888888889 0.040625 0.07777777777777778
1 0.7625 0.5888888888888889 0.034375 0.041666666666666664
2 0.83125 0.4777777777777778 0.071875 0.3416666666666667
2 0.640625 0.4666666666666667 0.0765625 0.3
2 0.946875 0.49444444444444446 0.0890625 0.34444444444444444
1 0.69375 0.525 0.0234375 0.027777777777777776
1 0.653125 0.5333333333333333 0.021875 0.025
2 0.7671875 0.5 0.1125 0.45555555555555555
1 0.9453125 0.5472222222222223 0.025 0.03611111111111111
0 0.6546875 0.3388888888888889 0.025 0.041666666666666664