2 0.4671875 0.30277777777777776 0.078125 0.34444444444444444
0 0.1359375 0.10555555555555556 0.059375 0.09444444444444444
1 0.0921875 0.46944444444444444 0.053125 0.058333333333333334
1 0.459375 0.35 0.025 0.025
2 0.39375 0.2972222222222222 0.071875 0.24444444444444444
3 0.4703125 0.15555555555555556 0.0265625 0.05277777777777778
0 0.5359375 0.15555555555555556 0.034375 0.06666666666666667
1 0.53125 0.39166666666666666 0.028125 0.030555555555555555
0 0.4015625 0.2 0.021875 0.041666666666666664
2 0.1390625 0.375 0.178125 0.6388888888888888
2 0.5375 0.325 0.0875 0.4166666666666667