1 0.42890625 0.32421875 0.06171875 0.26328125
1 0.60078125 0.3984375 0.11171875 0.4703125
1 0.375 0.34296875 0.08359375 0.30078125
3 0.58359375 0.484375 0.034375 0.04296875
1 0.275 0.334375 0.090625 0.29921875
0 0.6015625 0.20625 0.03828125 0.0796875
0 0.50859375 0.20625 0.02109375 0.04453125
0 0.37421875 0.2203125 0.02734375 0.05390625
0 0.540625 0.2171875 0.02421875 0.0453125
1 0.5 0.30703125 0.05078125 0.24609375
0 0.278125 0.2140625 0.028125 0.05
0 0.421875 0.21640625 0.025 0.05
1 0.5375 0.3234375 0.05078125 0.2703125