1 0.53984375 0.55859375 0.071875 0.26953125
0 0.5453125 0.453125 0.02265625 0.05234375
1 0.35546875 0.64921875 0.1484375 0.56953125
1 0.0703125 0.596875 0.13984375 0.515625
1 0.8609375 0.625 0.24921875 0.72890625
1 0.18671875 0.57890625 0.08828125 0.32421875
1 0.2609375 0.5640625 0.07578125 0.30078125
0 0.8734375 0.33671875 0.071875 0.14140625
3 0.321875 0.76015625 0.04375 0.05234375
3 0.809375 0.88046875 0.0625 0.06328125
0 0.08203125 0.38671875 0.04453125 0.090625
0 0.3609375 0.40859375 0.04765625 0.0796875
0 0.2640625 0.4421875 0.02578125 0.0546875
0 0.19375 0.44609375 0.0265625 0.0515625