3 0.70234375 0.43046875 0.01953125 0.025
3 0.74140625 0.4484375 0.02421875 0.028125
1 0.61875 0.40390625 0.09140625 0.3390625
1 0.8046875 0.34921875 0.05234375 0.215625
1 0.74609375 0.39375 0.071875 0.32890625
1 0.55625 0.37578125 0.05234375 0.24921875
0 0.56015625 0.271875 0.02109375 0.03671875
0 0.60234375 0.2609375 0.02421875 0.04140625
0 0.72109375 0.265625 0.02265625 0.04453125
1 0.71171875 0.37421875 0.04375 0.28671875
3 0.803125 0.3875 0.01640625 0.01953125
0 0.74921875 0.26328125 0.03203125 0.06015625
0 0.8046875 0.259375 0.0171875 0.03046875
0 0.62109375 0.26484375 0.02109375 0.05
3 0.59765625 0.47109375 0.02421875 0.02890625
3 0.546875 0.415625 0.0203125 0.025