1 0.05546875 0.40859375 0.09296875 0.38125
1 0.334375 0.42578125 0.09765625 0.40390625
1 0.51953125 0.4265625 0.08046875 0.3140625
1 0.2578125 0.39296875 0.06953125 0.28046875
2 0.06328125 0.246875 0.03046875 0.05625
3 0.31328125 0.54296875 0.03046875 0.0359375
3 0.51484375 0.4828125 0.021875 0.025
0 0.3359375 0.26015625 0.03515625 0.06875
3 0.2421875 0.45 0.02109375 0.02578125
3 0.03359375 0.44921875 0.02890625 0.0265625
2 0.51875 0.328125 0.02578125 0.0453125
0 0.2671875 0.27578125 0.025 0.04453125
0 0.52265625 0.29140625 0.025 0.03828125