2 0.065625 0.6222222222222222 0.1296875 0.725
2 0.3125 0.6055555555555555 0.1859375 0.7416666666666667
0 0.3 0.2916666666666667 0.0625 0.10555555555555556
0 0.584375 0.35 0.034375 0.058333333333333334
2 0.59375 0.49722222222222223 0.0828125 0.3638888888888889
1 0.5890625 0.5555555555555556 0.025 0.027777777777777776
1 0.2859375 0.7305555555555555 0.0546875 0.06944444444444445
2 0.5 0.5555555555555556 0.121875 0.5277777777777778
0 0.5015625 0.33055555555555555 0.0421875 0.07222222222222222
1 0.4859375 0.6472222222222223 0.040625 0.041666666666666664
0 0.028125 0.3263888888888889 0.05625 0.13055555555555556