1 0.9625 0.55 0.025 0.027777777777777776
2 0.9609375 0.49722222222222223 0.0765625 0.3416666666666667
2 0.41875 0.49722222222222223 0.165625 0.5222222222222223
0 0.965625 0.35555555555555557 0.03125 0.058333333333333334
2 0.675 0.5111111111111111 0.1484375 0.5333333333333333
2 0.8328125 0.4722222222222222 0.0765625 0.29444444444444445
2 0.553125 0.4722222222222222 0.0828125 0.3194444444444444
1 0.5375 0.5222222222222223 0.0234375 0.022222222222222223
1 0.3625 0.5722222222222222 0.040625 0.03611111111111111
0 0.8328125 0.35 0.025 0.041666666666666664
3 0.425 0.2833333333333333 0.0546875 0.08611111111111111
0 0.5484375 0.33611111111111114 0.0296875 0.04722222222222222
1 0.6703125 0.6 0.0390625 0.044444444444444446
0 0.690625 0.28888888888888886 0.046875 0.08055555555555556
1 0.81875 0.5194444444444445 0.0203125 0.025