3 0.5775212626153937 0.3311611394833812 0.03285104135632899 0.035284282132453625
1 0.1700920221259065 0.46609269827150507 0.340184044251813 0.7990646034569899
1 0.5953230386702417 0.3844763560972863 0.18912258188408818 0.37531355172849495
1 0.8776860825077699 0.30214226306513775 0.21986746773989907 0.4323819056477031
0 0.17080876633944744 0.7549362379258062 0.11181941149637406 0.15617109514371955
1 0.4446851838316775 0.4192869282797524 0.21038115177646438 0.39621708511458975
0 0.919971974154549 0.4663124116532119 0.05334763192686935 0.07332985141192587
3 0.1049464034336034 0.20915838816323293 0.08176373035529286 0.08039820533113406
3 0.44986714350880597 0.3582812321198183 0.034486315963434676 0.036892246239076346
3 0.8799249787026631 0.23732124511844907 0.03604881596343468 0.03693771034569897
3 0.19661371091998273 0.38515493533938133 0.032923815963434765 0.036846782132453626
0 0.6173884756022912 0.5305102701247668 0.04658820967712849 0.062210494985435
1 0.881284117453958 0.30644359897115037 0.23743176509208402 0.6128871979423007
2 0.4813032723353035 0.5711389332943173 0.0432448858558109 0.05743206677218975