3 0.46875 0.38333333333333336 0.034375 0.058333333333333334
1 0.4765625 0.6722222222222223 0.034375 0.041666666666666664
1 0.0375 0.6888888888888889 0.053125 0.05555555555555555
1 0.3375 0.5611111111111111 0.0265625 0.03333333333333333
1 0.1890625 0.55 0.028125 0.030555555555555555
2 0.08125 0.5722222222222222 0.1625 0.6888888888888889
2 0.2 0.49444444444444446 0.0859375 0.34444444444444444
0 0.08125 0.2833333333333333 0.0609375 0.10833333333333334
2 0.34375 0.49166666666666664 0.09375 0.3472222222222222
0 0.2015625 0.35 0.0296875 0.05277777777777778
3 0.5015625 0.36666666666666664 0.0375 0.075
0 0.3390625 0.35 0.025 0.044444444444444446
0 0.3625 0.34444444444444444 0.0265625 0.05555555555555555
0 0.534375 0.38055555555555554 0.01875 0.03333333333333333