0 0.63046875 0.29296875 0.02265625 0.04375
1 0.11953125 0.5125 0.22109375 0.73203125
1 0.5703125 0.4015625 0.08203125 0.34921875
1 0.75 0.42109375 0.15390625 0.32421875
1 0.63671875 0.39140625 0.06171875 0.24296875
0 0.571875 0.25234375 0.028125 0.046875
3 0.56484375 0.4640625 0.02578125 0.02890625
3 0.0578125 0.62890625 0.06015625 0.05703125
3 0.74765625 0.49921875 0.02421875 0.03046875
0 0.74296875 0.28828125 0.02734375 0.05
1 0.28515625 0.3875 0.07109375 0.21015625
3 0.625 0.459375 0.01953125 0.02421875
0 0.28671875 0.303125 0.01875 0.03671875
1 0.50625 0.3765625 0.04609375 0.1796875
0 0.50625 0.3046875 0.01484375 0.03125
0 0.140625 0.25859375 0.07109375 0.1484375