1 0.76484375 0.50234375 0.1015625 0.40078125
1 0.6890625 0.4640625 0.0703125 0.28984375
1 0.496875 0.50546875 0.1453125 0.55546875
0 0.77265625 0.33828125 0.03515625 0.06875
3 0.86953125 0.53359375 0.01875 0.02421875
2 0.69140625 0.3421875 0.02890625 0.04140625
3 0.6765625 0.52109375 0.0203125 0.025
3 0.4765625 0.6015625 0.04375 0.04609375
1 0.88828125 0.46640625 0.07890625 0.28828125
0 0.8859375 0.346875 0.02890625 0.0515625
3 0.75859375 0.5640625 0.03046875 0.03671875
0 0.49921875 0.2703125 0.05078125 0.08359375