2 0.24921875 0.24296875 0.04765625 0.084375
3 0.08671875 0.5234375 0.03515625 0.03515625
3 0.39375 0.57421875 0.0328125 0.04140625
3 0.5109375 0.50078125 0.02578125 0.03046875
1 0.25390625 0.47890625 0.14375 0.55546875
1 0.521875 0.44375 0.08515625 0.3515625
1 0.403125 0.45625 0.1046875 0.4453125
1 0.1125 0.43125 0.1203125 0.48828125
0 0.1046875 0.22890625 0.0421875 0.0765625
0 0.4109375 0.27109375 0.03828125 0.06640625
3 0.2234375 0.57578125 0.04140625 0.05
0 0.5234375 0.2984375 0.03203125 0.05546875