2 0.1640625 0.39444444444444443 0.1 0.36666666666666664
2 0.375 0.48333333333333334 0.2 0.5805555555555556
3 0.38125 0.275 0.0453125 0.08888888888888889
1 0.246875 0.4305555555555556 0.0234375 0.025
1 0.3453125 0.5638888888888889 0.046875 0.04722222222222222
1 0.63125 0.49444444444444446 0.0296875 0.03611111111111111
2 0.640625 0.4305555555555556 0.0921875 0.375
1 0.1375 0.4444444444444444 0.0296875 0.030555555555555555
0 0.38125 0.23055555555555557 0.04375 0.05555555555555555
0 0.2640625 0.25277777777777777 0.025 0.05
0 0.6421875 0.2777777777777778 0.0328125 0.06388888888888888
0 0.1625 0.24166666666666667 0.0328125 0.05555555555555555
3 0.340625 0.2388888888888889 0.046875 0.08888888888888889
2 0.2546875 0.38333333333333336 0.075 0.31666666666666665