0 0.30089279755707266 0.5967286339432657 0.0401198858558109 0.05755952885594055
0 0.19649424193272017 0.5729860882971021 0.05007708271265772 0.0703869110699257
0 0.4214963959854961 0.5987772288637897 0.03684933664159917 0.05432540145127866
3 0.3328212320079227 0.4085912276826634 0.03121576674922295 0.03384921034428619
1 0.31452930438149823 0.4694840876641299 0.14133574524248899 0.32160715988879934
1 0.4411645789886041 0.46662692777533066 0.13991879445670072 0.3246775961864685
0 0.49479050082406034 0.6267360485565703 0.05491013192686935 0.07367560217691818
0 0.8643860250168813 0.7664210196158118 0.10691358767505647 0.1519295769491748
1 0.5224316956139926 0.44735608340296074 0.20675103763227512 0.4533680805773718
1 0.8387371683207995 0.43637885555066125 0.32252566335840094 0.8363492500848182
3 0.4574937462759463 0.3971948814961949 0.034486315963434676 0.03708333774894799
3 0.5410147216688406 0.3927132234214942 0.04407963978475227 0.04209821996293313
3 0.29068508188408815 0.3607638520921002 0.036194365177646404 0.040262901451278844
3 0.9625171745237979 0.26127467342934335 0.07496565095240407 0.08710318511654283
1 0.7583371164159916 0.5056323417556632 0.13083058477957224 0.26352184137714507