0 0.6409052529952249 0.011889858355475486 0.05890377404661713 0.02377971671095097
0 0.7957141608154716 0.8895544582338957 0.20732640507947586 0.12977319892376116
0 0.7051685834029607 0.467122994213541 0.11155754809323426 0.06759422249741007
3 0.4228223971901096 0.15424212034944212 0.03541171034428636 0.0312885413563289
2 0.6518650564459367 0.13967439040843405 0.04947421034428636 0.031943512820281586
0 0.6708307558208138 0.6910164125343405 0.09242560217691817 0.05578342721213971
3 0.26300843148834574 0.002427179074166552 0.06460813702330856 0.004854358148333104
3 0.33273802269585473 0.5226882134011821 0.05810516587924912 0.0557448858558109
3 0.4430580300370669 0.02148312427838357 0.03535714664195542 0.029726041356328857
1 0.4817037684346855 0.7240045026905964 0.48681549763774734 0.1817895789886041
1 0.3880977115254126 0.04930864123249436 0.7238045769491748 0.09861728246498871
1 0.45725441697555747 0.82969373056469 0.9145088339511149 0.34061253887062015
1 0.445667097830931 0.4604899662966663 0.6624901094333124 0.2539300603773542
1 0.49814977940409466 0.141373939208361 0.36766370435383655 0.12008148345566476