1 0.54609375 0.39593664813685614 0.4359375 0.1904218173671448
2 0.6890625 0.3692223693229001 0.0625 0.043278441558013636
1 0.6 0.5262457110430694 0.35 0.11548427272487612
0 0.73828125 0.5144570028459643 0.059375 0.03697389448011279
0 0.72890625 0.36149564407966644 0.0515625 0.041525026785361165
0 0.73203125 0.4192535970017657 0.046875 0.027380706168510117
3 0.5390625 0.5335593790621327 0.034375 0.03028751785690744
3 0.43671875 0.39081454586337994 0.0453125 0.03829093262955983
0 0.7421875 0.5573575689985886 0.0703125 0.04497730925276535
1 0.571875 0.5915803847441756 0.4296875 0.17625022321134337
3 0.50625 0.5833508733800898 0.0421875 0.038236385551659244