3 0.06796875 0.64453125 0.071875 0.07265625
2 0.4796875 0.26953125 0.02890625 0.05078125
0 0.5390625 0.28203125 0.0265625 0.0453125
0 0.121875 0.19765625 0.09140625 0.14921875
1 0.471875 0.425 0.08984375 0.36875
1 0.53984375 0.40703125 0.06328125 0.2984375
1 0.14453125 0.54765625 0.26015625 0.85625
3 0.46640625 0.48046875 0.02734375 0.028125
1 0.703125 0.41171875 0.06796875 0.28515625
0 0.7046875 0.29375 0.025 0.0453125
3 0.52734375 0.45390625 0.0203125 0.025
3 0.7015625 0.49453125 0.0203125 0.03046875