2 0.5125 0.41796875 0.02578125 0.04609375
3 0.50625 0.621875 0.02421875 0.0296875
0 0.38046875 0.43125 0.02734375 0.05
3 0.36640625 0.60625 0.02421875 0.028125
1 0.2984375 0.6359375 0.13515625 0.52578125
1 0.0765625 0.55625 0.08671875 0.321875
1 0.85 0.62109375 0.2484375 0.73984375
1 0.3765625 0.5578125 0.05390625 0.31015625
0 0.846875 0.32421875 0.07265625 0.1359375
1 0.52109375 0.56875 0.09921875 0.35859375
0 0.30625 0.4171875 0.04921875 0.07734375
3 0.265625 0.7078125 0.040625 0.04765625
3 0.79375 0.871875 0.0625 0.06328125
0 0.0625 0.4234375 0.0296875 0.053125
3 0.09296875 0.60546875 0.02578125 0.02890625