1 0.3223391871414464 0.7027866931979864 0.2835445541766105 0.08932229882131963
2 0.20876683871302296 0.706400042837396 0.04796661910658786 0.024528527735416715
2 0.2581311379272347 0.7044206219595835 0.044914393713693726 0.026018292553055565
3 0.4748542191921503 0.5851114967689588 0.05211046360606986 0.04647626291777769
0 0.1604835041383384 0.5676271771460766 0.0774015620344933 0.05330814437666671
2 0.2057596168347855 0.5694630872903127 0.07725601282028158 0.05018314437666671
0 0.21599283375062422 0.78634211597566 0.05130994292790545 0.02928876291777769
0 0.15628207919800105 0.07011574430041681 0.107234611248705 0.057124128609097324
1 0.3472792210541772 0.7886157436348267 0.32111732878371624 0.09175762100965308
1 0.4152011608772015 0.10273344823197952 0.638347678245597 0.2005936392457644
1 0.4014359898703148 0.5661965361878822 0.5717766083532207 0.1787537004161809