2 0.1921875 0.42777777777777776 0.1046875 0.425
1 0.434375 0.5111111111111111 0.03125 0.030555555555555555
3 0.2 0.28055555555555556 0.040625 0.075
0 0.2 0.24444444444444444 0.0390625 0.05
1 0.5546875 0.4861111111111111 0.021875 0.025
1 0.1765625 0.48333333333333334 0.0328125 0.03333333333333333
3 0.459375 0.275 0.0328125 0.058333333333333334
2 0.4578125 0.45 0.096875 0.41388888888888886
0 0.3984375 0.2833333333333333 0.025 0.04722222222222222
2 0.390625 0.4 0.0609375 0.2833333333333333
1 0.3859375 0.4444444444444444 0.021875 0.022222222222222223
0 0.5640625 0.2972222222222222 0.0265625 0.05277777777777778
2 0.5609375 0.4166666666666667 0.06875 0.2916666666666667