2 0.071875 0.5805555555555556 0.14375 0.7666666666666667
1 0.2109375 0.525 0.021875 0.025
1 0.4625 0.5861111111111111 0.0296875 0.03333333333333333
1 0.3625 0.5444444444444444 0.0234375 0.027777777777777776
2 0.3734375 0.48333333333333334 0.075 0.31666666666666665
2 0.221875 0.48055555555555557 0.0734375 0.3
2 0.4734375 0.5388888888888889 0.10625 0.375
0 0.04375 0.2638888888888889 0.065625 0.12222222222222222
1 0.021875 0.7055555555555556 0.04375 0.05277777777777778
3 0.48125 0.38333333333333336 0.028125 0.058333333333333334
0 0.371875 0.35555555555555557 0.025 0.05277777777777778
0 0.2203125 0.3527777777777778 0.025 0.044444444444444446