3 0.4045803763452982 0.25390625 0.06919095574818694 0.0765625
3 0.10769676013419445 0.38828125 0.037975188998964 0.04375
1 0.7660657241545491 0.49375 0.46786855169090186 0.9875
1 0.3601667886702417 0.40234375 0.3270123035529286 0.78125
1 0.0940837162966662 0.4625 0.16747021381095767 0.4421875
1 0.0254793813076969 0.5046875 0.0509587626153938 0.3125
3 0.00805320978182693 0.44140625 0.01610641956365386 0.03125
2 0.005621664703699021 0.63515625 0.011243329407398042 0.0421875
0 0.8011618922704609 0.8640625 0.1417295434232436 0.225
0 0.10282936187238675 0.64375 0.04695208271265772 0.06875
0 0.36670561724907025 0.71484375 0.0859461162111037 0.134375