0 0.34453125 0.34921875 0.03515625 0.0796875
0 0.58125 0.38359375 0.02890625 0.0515625
1 0.11875 0.59609375 0.2375 0.7890625
1 0.5796875 0.52734375 0.0828125 0.34375
1 0.34765625 0.55546875 0.1296875 0.5
1 0.4421875 0.51171875 0.08203125 0.32109375
0 0.37734375 0.34609375 0.0421875 0.078125
0 0.44140625 0.3796875 0.02890625 0.05390625
3 0.05078125 0.78671875 0.065625 0.0765625
3 0.3328125 0.65703125 0.03515625 0.0453125
3 0.43359375 0.6015625 0.02578125 0.03359375
0 0.0984375 0.29609375 0.08125 0.1390625
3 0.578125 0.59375 0.02578125 0.03203125