1 0.54765625 0.44296875 0.13203125 0.40078125
3 0.703125 0.46953125 0.02265625 0.02890625
0 0.70703125 0.30234375 0.02578125 0.0453125
1 0.70625 0.41875 0.06640625 0.28359375
1 0.346875 0.49140625 0.1921875 0.690625
0 0.33828125 0.20078125 0.059375 0.1015625
1 0.22578125 0.3921875 0.08125 0.334375
2 0.5296875 0.28046875 0.03203125 0.0640625
0 0.23359375 0.25625 0.02890625 0.053125
0 0.259375 0.2546875 0.0234375 0.04453125
0 0.5546875 0.28046875 0.028125 0.06875
3 0.30546875 0.58046875 0.05390625 0.06015625
3 0.21015625 0.4390625 0.02578125 0.02890625
3 0.53203125 0.50390625 0.03203125 0.03515625