1 0.4061036008261558 0.5236862320575882 0.21998518402023454 0.4851760733609078
1 0.5060391134400276 0.5490776780712695 0.1813740626060225 0.40819540268936266
1 0.7760812841286002 0.4928207767743132 0.17148814191744996 0.34872949602163533
3 0.41686254075202206 0.4394021387253154 0.04711310217691818 0.052089758672817864
2 0.5309423658022803 0.7088072140754056 0.04933036660488845 0.0708579400063634
1 0.11990566208141602 0.684485182686181 0.1486111479078998 0.27505563868554467
0 0.44551329729062605 0.7156288313971789 0.05579862141421188 0.07718066534054521
1 0.23796618131870967 0.6608487827020892 0.11352681977759867 0.2543431493475449
2 0.14289423957874497 0.7871380153564534 0.031215283665263983 0.044095445337363336
2 0.7963342420258156 0.6290491781110403 0.03946429328391084 0.05668635200509069
0 0.25634910436953495 0.7611033213717254 0.027926592558271325 0.03937158267027243
3 0.23040170717942537 0.5865118540340439 0.024365082939624562 0.026835220003181705
3 0.1269567594490108 0.63923631735359 0.022748019237293703 0.025254538669636162