1 0.3622532653863198 0.3901330788480064 0.31138828172257005 0.7595214875069681
1 0.5592594712177436 0.5960462146812133 0.13943270801562518 0.352326090162688
0 0.31854551187093805 0.694334765518094 0.079435539703264 0.1238829275949012
3 0.5496285916587157 0.5179666664766115 0.03364895459715278 0.03612839754067192
0 0.5437643706284033 0.7359990489901689 0.04040810087368065 0.05803975897699054
0 0.022560211434097782 0.6671465933841417 0.01602634992375007 0.08445681323171658
1 0.07657164494534761 0.4699307049186561 0.14317856990722266 0.5132635901626879
0 0.4642216877827437 0.7091143621236895 0.021112587005972117 0.03449317466803503
1 0.47432207997520887 0.6395149344305924 0.08554137575930572 0.18484769867214013
3 0.3225160053183336 0.2606592022863774 0.07514677678548623 0.07386474687674198
0 0.04151023318559084 0.6756312590751863 0.053562717514930636 0.08623748184962743
2 0.4783387391695145 0.711376298891973 0.019586454597152782 0.03604658430895533