1 0.2411079313159173 0.28441967313564326 0.10498842079257358 0.27654763103285873
1 0.47360118387616607 0.3673859736759482 0.12950257338105722 0.32262402286549074
0 0.24411256299888784 0.17537205534962838 0.0325086631118273 0.04947421034428627
3 0.46194261803468073 0.421555118503805 0.02672909997176518 0.030560519237293703
3 0.22426133653523683 0.32983137685650754 0.024984589448421433 0.027380955534962847
2 0.1136592235504664 0.14430804990733276 0.04931673151356134 0.07033234736759483
0 0.055118681457091624 0.1297891929210911 0.04535727360693616 0.08266865626060227
1 0.6295928496188293 0.42195196650437206 0.12158365756780683 0.34729664065150556
0 0.4832807497882385 0.23907992440158762 0.03572466837349921 0.051145837748947896
1 0.0785616996611816 0.35826885698624167 0.1476588521084909 0.5540377139724832
2 0.6342663971150502 0.2880134761230189 0.0363617052052021 0.06208333774894799