0 0.03125 0.3277777777777778 0.04375 0.08055555555555556
1 0.2890625 0.7222222222222222 0.0546875 0.06666666666666667
0 0.359375 0.25555555555555554 0.0671875 0.1388888888888889
0 0.4734375 0.2833333333333333 0.0515625 0.08888888888888889
3 0.7765625 0.3527777777777778 0.028125 0.05277777777777778
1 0.7625 0.5416666666666666 0.021875 0.027777777777777776
1 0.5734375 0.5333333333333333 0.028125 0.025
3 0.609375 0.31666666666666665 0.034375 0.06388888888888888
1 0.95625 0.5527777777777778 0.028125 0.027777777777777776
0 0.984375 0.3416666666666667 0.0296875 0.05277777777777778
2 0.353125 0.5555555555555556 0.203125 0.7388888888888889
2 0.6140625 0.4861111111111111 0.1125 0.4027777777777778
2 0.7828125 0.48333333333333334 0.0765625 0.31666666666666665
2 0.05 0.5194444444444445 0.0984375 0.48055555555555557
2 0.9578125 0.5 0.0828125 0.36944444444444446
2 0.4828125 0.5055555555555555 0.1375 0.5416666666666666