1 0.302950241263194 0.5873314815910929 0.28172408510611124 0.09563807508545992
1 0.3682154846136802 0.4031670817493775 0.5021469943004169 0.1738780500126353
1 0.32669555936746475 0.6419651572970558 0.3229673341561806 0.12338264185764966
3 0.4601665952710066 0.41600571404011566 0.04778418977951393 0.040426423198680436
1 0.3250219969627771 0.7474566393503672 0.32155030452090294 0.12958717775102677
0 0.1685966911106941 0.4145579081549856 0.0870648953265973 0.05093802586424747
0 0.17493565045749956 0.5116829607414104 0.049055749050069465 0.027971887305303155
0 0.19906086863802028 0.6507598326073073 0.05857621941479172 0.03449467194503928
0 0.18354823746347182 0.4775352812745238 0.04912848423243057 0.031096887305303154
1 0.28120383425308987 0.5139932699917527 0.2611206443766668 0.08254704169936496
0 0.19829584280246465 0.7508052967139299 0.05705008700597225 0.03601170783841638
0 0.1916308815557981 0.6005097800208825 0.055378484232430567 0.031278743731793845
1 0.2946312078281941 0.47451323284473423 0.28619337955902785 0.08639946740532807