3 0.5853088754385201 0.5657948714841873 0.04897601087441501 0.0534725098858317
0 0.7242546061983292 0.2567315947924416 0.04160917984777566 0.06409167490485981
0 0.6088351946393422 0.23725603600892375 0.053247016805913996 0.08172484387822054
2 0.5126658487839554 0.30045105578058723 0.044543178859192525 0.059531508897248564
3 0.8946706520930846 0.821493137264337 0.061505185779274996 0.09298067885919252
0 0.6359242766545646 0.24239186357552192 0.0352318458553869 0.060712006920082204
3 0.5064928087463368 0.49023113878439284 0.03421317391627667 0.03571200692008212
0 0.5389710222059404 0.267401133841477 0.039473676882026076 0.04996550790866543
1 0.5879165636892527 0.4635147884803817 0.2252174476794538 0.550464209505271
1 0.8402682894689649 0.5678853176064044 0.3026553340667508 0.8047643903416297
1 0.7023584070731816 0.4112745147543855 0.1497187460828485 0.38203786167271764
3 0.7092503942216004 0.4718300127772192 0.03427684091247087 0.03727450692008212
0 0.9483141887078432 0.2515016308385464 0.08529019566510634 0.14074701680591398
1 0.5039209070731816 0.41936022327107325 0.14158791110187643 0.3739070266917457