0 0.7852176814454437 0.767229373777241 0.04579588479802084 0.07107615909060953
2 0.45443904288649933 0.7239746570587193 0.0536538489046432 0.07277502678536116
1 0.8143332169431096 0.6139095048646734 0.19458770361527442 0.4078785040571898
1 0.4794748321450889 0.537787741068251 0.20716191145369084 0.4643194188298422
1 0.8783894244523218 0.5325015921206159 0.24322115109535652 0.8949069456152035
0 0.2795466914745735 0.6709472942352316 0.04400606426490725 0.06323638555165925
1 0.30128163598515484 0.5323348076279122 0.16500785220334854 0.35738758035608365
0 0.927508133015654 0.8805942187438213 0.10692726458147632 0.18614778003177213
3 0.3230453242275301 0.44838254748164247 0.035466138558944316 0.03810001785690744
1 0.5450603797169487 0.5912497061652149 0.12917800079142286 0.3067875624991762
0 0.5194502774470932 0.7040263956946335 0.04097199247815268 0.06630683847375848