1 0.9230501808363588 0.3368255206728741 0.15389963832728243 0.3461904976377473
3 0.5109639466908706 0.5545784388295578 0.047286176882026076 0.05001984736759475
3 0.9166462609115961 0.47824912884024207 0.05385451186299832 0.058050602176918174
3 0.7947606265386463 0.6268999052491119 0.05873301285158128 0.06290179328391084
2 0.7964014506080224 0.18851945152824762 0.059433349809719614 0.08008929328391083
0 0.4168969758168933 0.2946280307548571 0.061314184790691506 0.08795635698624168
0 0.6514682939919513 0.23104671350914713 0.08101918973360736 0.1120486214142119
1 0.854183411596168 0.4003944581516696 0.27764211072131567 0.5339484471822603
1 0.47082176634880335 0.48842515997361735 0.2511141028126502 0.49557542794496656
1 0.7158331774134987 0.4704564430907271 0.3298359634967845 0.6278274219545169
2 0.8953801200756747 0.20523821477509152 0.044797846843970035 0.06553571996293313