0 0.3625 0.2916666666666667 0.025 0.05277777777777778
1 0.0671875 0.6 0.05 0.06111111111111111
1 0.2390625 0.5916666666666667 0.04375 0.04722222222222222
0 0.496875 0.3 0.04375 0.08333333333333333
2 0.26875 0.48055555555555557 0.140625 0.525
2 0.50625 0.4666666666666667 0.140625 0.5555555555555556
2 0.3625 0.4083333333333333 0.0734375 0.29444444444444445
3 0.0890625 0.23055555555555557 0.053125 0.09166666666666666
0 0.509375 0.2388888888888889 0.046875 0.08333333333333333
0 0.2625 0.26666666666666666 0.05 0.08333333333333333
0 0.28125 0.25833333333333336 0.03125 0.075
1 0.4953125 0.5555555555555556 0.0421875 0.044444444444444446
2 0.10625 0.5 0.165625 0.6416666666666667