0 0.196875 0.225 0.053125 0.10555555555555556
0 0.5046875 0.26666666666666666 0.028125 0.05
2 0.446875 0.44166666666666665 0.1328125 0.4527777777777778
2 0.35 0.4 0.0640625 0.25833333333333336
3 0.2234375 0.30277777777777776 0.0453125 0.075
0 0.3515625 0.29444444444444445 0.0203125 0.041666666666666664
2 0.5125 0.4083333333333333 0.0859375 0.3388888888888889
0 0.078125 0.26666666666666666 0.0515625 0.09444444444444444
0 0.4328125 0.25277777777777777 0.0359375 0.06944444444444445
1 0.159375 0.7333333333333333 0.05625 0.06388888888888888
1 0.0375 0.5888888888888889 0.05 0.04722222222222222
1 0.428125 0.5194444444444445 0.034375 0.041666666666666664
2 0.075 0.5055555555555555 0.1421875 0.5805555555555556
2 0.2125 0.5166666666666667 0.18125 0.6888888888888889