3 0.11328125 0.459375 0.05078125 0.0546875
0 0.775 0.11953125 0.03203125 0.071875
0 0.29765625 0.18125 0.0203125 0.04375
1 0.03828125 0.33046875 0.0765625 0.4203125
0 0.278125 0.18125 0.02578125 0.0546875
3 0.69765625 0.5171875 0.053125 0.046875
0 0.01796875 0.1640625 0.0359375 0.07890625
0 0.7421875 0.08046875 0.06328125 0.12109375
1 0.27578125 0.3046875 0.08828125 0.3015625
0 0.16953125 0.12734375 0.05390625 0.096875
1 0.1640625 0.37109375 0.16953125 0.59140625
1 0.73984375 0.371875 0.22578125 0.71875