1 0.4071401803170208 0.5856363414439436 0.4541910020669146 0.2087700939154015
0 0.5739961180731306 0.09539995509382766 0.09829625889134022 0.06794618676785787
0 0.5817528442945943 0.39941629304054915 0.09019266046291677 0.06137785178688589
0 0.5867934470662439 0.5600818790101043 0.07562073821317572 0.049867348821136484
0 0.5475084309361934 0.3447951186299809 0.07874573821317572 0.04999468281352524
0 0.561581585403254 0.4627784560824108 0.0627568651776464 0.04154551285158128
1 0.36892320450984195 0.43144624855430636 0.5525942688161376 0.24552994767945382
0 0.5532812036812724 0.13682345113949496 0.06617296360606986 0.04792284684397004
1 0.38707819913315844 0.360957335018153 0.4351841368892681 0.16900725695726332
1 0.4106162448327135 0.4941982579458465 0.37998721463952717 0.15584141209045957
0 0.5550833364367114 0.3670202871090501 0.06417381596343467 0.038484179847775656
1 0.368921166253885 0.17940624608284836 0.46559938296032666 0.18584192988495668
3 0.042485002688341746 0.09012759288963736 0.08497000537668349 0.03787668479069153
3 0.2568769687778656 0.43392530832640724 0.05211046360606986 0.04734984387822046
3 0.3373178318885974 0.5890531601132932 0.03924659057054054 0.03902800790866543
1 0.34765625 0.1563534066532521 0.6953125 0.3127068133065042
0 0.5931849197685416 0.05313154205196596 0.14800516046291676 0.06373353064607841