0 0.109375 0.15078125 0.05703125 0.10546875
3 0.66171875 0.4015625 0.02890625 0.03046875
1 0.56796875 0.38046875 0.11640625 0.51640625
1 0.6796875 0.3421875 0.1015625 0.384375
1 0.3375 0.40078125 0.1640625 0.64375
1 0.1125 0.403125 0.1703125 0.60546875
0 0.2125 0.13359375 0.0484375 0.084375
3 0.28984375 0.5140625 0.05078125 0.05703125
0 0.56875 0.16171875 0.046875 0.07890625
0 0.33046875 0.13203125 0.0546875 0.10859375
2 0.68046875 0.1796875 0.02890625 0.059375
3 0.54765625 0.45546875 0.03828125 0.04140625
1 0.21875 0.3640625 0.1171875 0.5453125
3 0.05859375 0.5046875 0.05078125 0.0515625