1 0.7625 0.1640625 0.0734375 0.25859375
3 0.5125 0.459375 0.04375 0.05390625
0 0.48984375 0.05625 0.03515625 0.05859375
3 0.45390625 0.31171875 0.0328125 0.0359375
2 0.3109375 0.10078125 0.021875 0.04296875
0 0.7640625 0.05703125 0.021875 0.0390625
1 0.46953125 0.23046875 0.07734375 0.41875
0 0.52265625 0.06875 0.028125 0.06796875
2 0.54921875 0.09453125 0.07421875 0.11484375
3 0.76171875 0.20859375 0.01875 0.021875
1 0.30625 0.22578125 0.08515625 0.296875
1 0.5375 0.29140625 0.16015625 0.58203125