0 0.096875 0.2388888888888889 0.0671875 0.11944444444444445
1 0.2890625 0.4638888888888889 0.025 0.030555555555555555
1 0.046875 0.7694444444444445 0.0640625 0.07777777777777778
1 0.475 0.5 0.0265625 0.027777777777777776
0 0.4828125 0.28888888888888886 0.028125 0.041666666666666664
3 0.5015625 0.32222222222222224 0.03125 0.04722222222222222
2 0.109375 0.5833333333333334 0.215625 0.8138888888888889
2 0.403125 0.4666666666666667 0.1234375 0.49722222222222223
2 0.3046875 0.4083333333333333 0.0796875 0.3472222222222222
1 0.3875 0.5611111111111111 0.0375 0.041666666666666664
0 0.0421875 0.2361111111111111 0.0484375 0.09166666666666666
0 0.3109375 0.2638888888888889 0.0296875 0.05277777777777778
0 0.421875 0.25555555555555554 0.0375 0.06944444444444445
0 0.3953125 0.25833333333333336 0.0234375 0.05277777777777778
1 0.0125 0.6222222222222222 0.025 0.05
2 0.4890625 0.43333333333333335 0.071875 0.33611111111111114