1 0.32405800661953776 0.5173555008140742 0.26010728577024833 0.6571342102256998
3 0.7068020401179838 0.4451030308491416 0.04110018899896399 0.04443183847375849
3 0.27304777833115945 0.40583734821628636 0.052765435070022626 0.06024775324641087
0 0.6990043868937773 0.7801229131543899 0.06203342721213971 0.09163412094116268
0 0.287739401161801 0.7943271038983293 0.06472177956950453 0.08231366801906326
2 0.317392667911024 0.7610236801972232 0.059563398676092484 0.10564207386326192
2 0.05224501096276396 0.6883709788966816 0.036305681141081146 0.07557274431795698
1 0.7100468564957032 0.5597967763849148 0.20679388709415586 0.5516012305182395
1 0.03476664412797848 0.5024158879872911 0.06953328825595696 0.5045432240254177
1 0.0665708382987382 0.5483908612019299 0.1314556310982999 0.37542846834337484
1 0.9572300715495151 0.5656301704612858 0.049734750204887844 0.3974204707790069