1 0.6484375 0.4921875 0.07265625 0.33046875
0 0.5109375 0.3546875 0.02890625 0.05390625
1 0.20234375 0.58046875 0.23828125 0.81953125
1 0.56015625 0.5609375 0.15625 0.50703125
3 0.50390625 0.5484375 0.02734375 0.03046875
3 0.55546875 0.64140625 0.03828125 0.046875
0 0.5515625 0.35078125 0.04453125 0.08046875
0 0.1875 0.246875 0.08828125 0.15
1 0.33203125 0.53203125 0.11640625 0.4640625
2 0.31953125 0.34296875 0.03515625 0.06875
3 0.30390625 0.6390625 0.0328125 0.04453125
3 0.64765625 0.54765625 0.0203125 0.03046875
0 0.6453125 0.35625 0.028125 0.05625
0 0.60234375 0.37265625 0.03515625 0.0640625