2 0.0375 0.32916666666666666 0.075 0.41944444444444445
2 0.740625 0.37222222222222223 0.225 0.7166666666666667
2 0.1640625 0.37222222222222223 0.16875 0.5916666666666667
0 0.16875 0.12777777777777777 0.053125 0.09722222222222222
2 0.2765625 0.3055555555555556 0.0875 0.3
1 0.1125 0.46111111111111114 0.05 0.05277777777777778
0 0.7421875 0.08055555555555556 0.0625 0.12222222222222222
0 0.01875 0.1638888888888889 0.0359375 0.07777777777777778
1 0.6984375 0.5166666666666667 0.053125 0.04722222222222222
0 0.278125 0.18333333333333332 0.025 0.05277777777777778
0 0.2984375 0.18333333333333332 0.0203125 0.044444444444444446
0 0.775 0.12222222222222222 0.03125 0.07222222222222222