0 0.55 0.2722222222222222 0.0265625 0.05277777777777778
0 0.3390625 0.2638888888888889 0.034375 0.06388888888888888
0 0.2109375 0.31666666666666665 0.0234375 0.05
3 0.68125 0.21944444444444444 0.0546875 0.10555555555555556
0 0.68125 0.21944444444444444 0.0546875 0.10555555555555556
1 0.328125 0.5027777777777778 0.028125 0.03333333333333333
1 0.546875 0.4583333333333333 0.025 0.030555555555555555
1 0.63125 0.6222222222222222 0.053125 0.06666666666666667
2 0.3484375 0.4305555555555556 0.10625 0.40555555555555556
2 0.2140625 0.42777777777777776 0.0796875 0.275
2 0.5546875 0.4 0.0734375 0.30833333333333335
2 0.684375 0.5 0.1734375 0.6666666666666666