0 0.25800696347211083 0.2841058133099551 0.06153751785690744 0.03543866801906326
1 0.4071571241842782 0.5959899788933865 0.23255912986961622 0.07903648376465036
0 0.31421564772322846 0.5959297033258412 0.03941705600635448 0.02099433847375849
1 0.45494933643857305 0.9178201144450455 0.41659893912238155 0.15253998782184014
1 0.4140796854689336 0.2766769172049891 0.38822847727182863 0.137986564120734
1 0.43637129139256253 0.524646812902918 0.40363528896022577 0.12575929951023745
3 0.48606377962473496 0.2841814999967047 0.036455697240056394 0.03031479139585782
0 0.2724724326262645 0.5311580913131323 0.06477161201270878 0.04174321509696384
0 0.2894334305943744 0.9211791193163095 0.07104888555165915 0.043414809252764995
3 0.5007201635515411 0.5421712779998819 0.03651024431795715 0.03343979139585791
1 0.41486230437820604 0.7242104362797125 0.23121481818121908 0.09150921022569988
0 0.3243054882255819 0.7265348210205929 0.04415910308425506 0.024201159090609537