2 0.475 0.5166666666666667 0.0953125 0.4027777777777778
2 0.371875 0.49444444444444446 0.08125 0.30833333333333335
0 0.2359375 0.3055555555555556 0.05 0.09722222222222222
3 0.35625 0.38055555555555554 0.0203125 0.05
1 0.209375 0.7 0.04375 0.05555555555555555
2 0.2359375 0.5694444444444444 0.1546875 0.625
1 0.46875 0.5888888888888889 0.028125 0.030555555555555555
1 0.771875 0.5861111111111111 0.0265625 0.03333333333333333
1 0.365625 0.55 0.025 0.030555555555555555
2 0.7828125 0.5083333333333333 0.09375 0.3388888888888889
0 0.3796875 0.36944444444444446 0.028125 0.05555555555555555
0 0.4796875 0.34444444444444444 0.03125 0.058333333333333334
0 0.7859375 0.36666666666666664 0.0328125 0.05277777777777778