1 0.4889422418085765 0.5549490368899204 0.3607860891807292 0.7817601018701529
3 0.010414283472074857 0.4710255723069029 0.020828566944149713 0.045448855386194253
3 0.3460825761175319 0.5370308047457055 0.03459316861791084 0.03769998789975162
3 0.4865070673369331 0.704958127249 0.07545451795398073 0.07856133723582168
0 0.08662680464750958 0.28386139471200156 0.04727497579950317 0.0690227107723885
1 0.06023299717132963 0.4293329759958949 0.12046599434265925 0.3757090480082102
1 0.23374620258096498 0.509560310599438 0.36372928199913696 0.750528282588312
0 0.31664155757437584 0.2262751119272978 0.09301472267624522 0.14272383118569748
1 0.34882175673749527 0.469048419207086 0.16954190300162092 0.405660168421519
0 0.37868249444085517 0.30481774756411306 0.044140885440423536 0.06744203005422929
0 0.1803858950065892 0.28175347316722454 0.039371572208707 0.05335225897699045
3 0.15116096155795544 0.47097959963065766 0.03144089754067196 0.032994307181592394
3 0.2281860281093217 0.6595875816766767 0.06605224687674201 0.07381929508134384
0 0.553283039522199 0.2381791725267357 0.08185905405833438 0.10516019867214013
1 0.14522912412574207 0.4163284610669761 0.15196351756119744 0.3383726744716434