1 0.6 0.4861111111111111 0.025 0.030555555555555555
2 0.4546875 0.48333333333333334 0.1578125 0.6055555555555555
2 0.6109375 0.40555555555555556 0.0828125 0.325
1 0.4109375 0.5777777777777777 0.04375 0.05
0 0.515625 0.24444444444444444 0.040625 0.07222222222222222
0 0.1578125 0.2916666666666667 0.021875 0.05277777777777778
0 0.178125 0.3055555555555556 0.03125 0.06388888888888888
0 0.24375 0.3055555555555556 0.0234375 0.04722222222222222
0 0.18125 0.2611111111111111 0.03125 0.03888888888888889
2 0.2453125 0.41944444444444445 0.0640625 0.2777777777777778
2 0.528125 0.41944444444444445 0.09375 0.4222222222222222
0 0.603125 0.26666666666666666 0.0265625 0.044444444444444446
2 0.171875 0.43333333333333335 0.1125 0.38055555555555554
0 0.440625 0.22777777777777777 0.0484375 0.09722222222222222