0 0.16875 0.353125 0.03359375 0.06015625
3 0.38984375 0.54453125 0.02734375 0.03046875
3 0.4671875 0.57109375 0.03046875 0.03671875
0 0.47578125 0.3328125 0.03671875 0.0453125
1 0.3171875 0.49375 0.0859375 0.41484375
0 0.3859375 0.35546875 0.02890625 0.05859375
0 0.30859375 0.3234375 0.03828125 0.07109375
2 0.2328125 0.303125 0.0546875 0.09453125
1 0.48046875 0.51015625 0.09453125 0.428125
1 0.3953125 0.49375 0.08203125 0.3390625
1 0.24140625 0.59296875 0.19765625 0.675
0 0.47421875 0.3609375 0.04140625 0.05546875
3 0.21015625 0.69296875 0.05234375 0.06171875
3 0.5515625 0.55390625 0.02265625 0.03046875
1 0.5609375 0.496875 0.0703125 0.31484375
0 0.5578125 0.3703125 0.02578125 0.05703125