1 0.6897332869349262 0.47420597360702715 0.19480140015886055 0.513222728688099
1 0.4750764975676633 0.41246317689309714 0.11696495210802507 0.3485404515702104
1 0.5458662844992943 0.3871653116911178 0.0838058043815014 0.2382561694377568
0 0.4658396396121443 0.269934696093427 0.03376707386326174 0.05564224623907634
0 0.5349617865278892 0.29539534883813634 0.024201159090609537 0.04443196159934022
3 0.4945026075517772 0.4638354602791919 0.027026150162155815 0.027335389812585476
2 0.6776402102289952 0.27140758254080033 0.048238676947516976 0.07948892319868044
0 0.3700362159110381 0.2952863855894435 0.022502291395857733 0.0365739974927175
1 0.37625321388244326 0.38691995612255686 0.07890011606989863 0.22561977711788872
3 0.38818046956448604 0.4200961689755383 0.019104556006354478 0.020858069279472247
3 0.724911081984232 0.5635556301126601 0.044595479707460584 0.049710494985435005