1 0.70625 0.5638888888888889 0.034375 0.03611111111111111
1 0.846875 0.5222222222222223 0.0203125 0.022222222222222223
2 0.7125 0.49722222222222223 0.1109375 0.45555555555555555
0 0.1421875 0.3333333333333333 0.0328125 0.06388888888888888
0 0.7171875 0.3055555555555556 0.0375 0.07222222222222222
2 0.4671875 0.5 0.159375 0.5666666666666667
3 0.465625 0.26666666666666666 0.0484375 0.08888888888888889
2 0.8609375 0.4722222222222222 0.0828125 0.2916666666666667
2 0.1265625 0.4888888888888889 0.134375 0.375
0 0.859375 0.35 0.0296875 0.04722222222222222
1 0.4234375 0.5805555555555556 0.040625 0.044444444444444446