1 0.3359375 0.5222222222222223 0.025 0.027777777777777776
2 0.3578125 0.4722222222222222 0.0875 0.3638888888888889
1 0.859375 0.55 0.028125 0.03333333333333333
2 0.8078125 0.4777777777777778 0.0734375 0.35
2 0.8796875 0.48333333333333334 0.0859375 0.38333333333333336
0 0.871875 0.32222222222222224 0.03125 0.058333333333333334
1 0.8046875 0.5305555555555556 0.0234375 0.025
0 0.809375 0.33055555555555555 0.0265625 0.05277777777777778
3 0.359375 0.3194444444444444 0.028125 0.05555555555555555
0 0.8296875 0.34444444444444444 0.0203125 0.030555555555555555
0 0.9 0.34444444444444444 0.025 0.03888888888888889