1 0.5953125 0.55 0.025 0.030555555555555555
1 0.51875 0.625 0.0265625 0.03611111111111111
1 0.125 0.7555555555555555 0.059375 0.06666666666666667
2 0.8953125 0.46111111111111114 0.084375 0.34444444444444444
0 0.596875 0.35 0.028125 0.05555555555555555
0 0.3359375 0.2722222222222222 0.025 0.05277777777777778
0 0.4421875 0.3416666666666667 0.04375 0.08333333333333333
0 0.9046875 0.31666666666666665 0.028125 0.05277777777777778
1 0.4328125 0.625 0.0375 0.044444444444444446
0 0.51875 0.3416666666666667 0.034375 0.06666666666666667
2 0.1734375 0.625 0.1921875 0.7305555555555555
2 0.45 0.55 0.121875 0.5083333333333333
2 0.603125 0.49166666666666664 0.078125 0.33611111111111114
2 0.5296875 0.5055555555555555 0.0765625 0.40555555555555556
0 0.159375 0.3194444444444444 0.0640625 0.11944444444444445