1 0.49453125 0.52265625 0.17265625 0.68203125
3 0.94140625 0.54453125 0.0265625 0.0359375
3 0.625 0.5359375 0.025 0.02890625
3 0.465625 0.65546875 0.05625 0.059375
0 0.90625 0.36484375 0.03203125 0.05546875
1 0.9390625 0.5015625 0.11328125 0.33125
1 0.72890625 0.5328125 0.18203125 0.653125
0 0.715625 0.26796875 0.0578125 0.11796875
1 0.6359375 0.47578125 0.071875 0.35859375
0 0.64453125 0.325 0.02890625 0.05546875
0 0.82421875 0.34375 0.02578125 0.04375
3 0.81015625 0.51640625 0.021875 0.025
3 0.703125 0.66640625 0.0484375 0.05546875
0 0.50390625 0.23203125 0.05625 0.084375
1 0.8265625 0.46875 0.06953125 0.296875