3 0.45 0.659375 0.03046875 0.0359375
3 0.059375 0.69453125 0.03828125 0.046875
3 0.32734375 0.66015625 0.02578125 0.03359375
3 0.55 0.671875 0.02421875 0.03125
1 0.334375 0.57734375 0.09375 0.3546875
1 0.08125 0.6265625 0.1515625 0.5015625
1 0.4578125 0.59609375 0.09453125 0.37578125
1 0.5578125 0.578125 0.07578125 0.31875
0 0.33203125 0.43046875 0.0328125 0.05859375
2 0.05625 0.45546875 0.034375 0.0640625
0 0.07109375 0.409375 0.04140625 0.06640625
0 0.45 0.4421875 0.0328125 0.05625
0 0.5546875 0.446875 0.02890625 0.0546875
1 0.40078125 0.56796875 0.0546875 0.30546875
0 0.40390625 0.4390625 0.02578125 0.03984375
3 0.39296875 0.61875 0.0203125 0.0296875