1 0.91640625 0.3646844432680106 0.1671875 0.40837486859279987
1 0.64453125 0.43173138593018645 0.184375 0.4340752055509382
1 0.4578125 0.4639669298849567 0.146875 0.33723469764227276
1 0.71484375 0.3853776507589341 0.1296875 0.30215936068413446
2 0.878125 0.20296835186124804 0.0421875 0.06421900889724856
3 0.68984375 0.5468589788198239 0.0390625 0.04534167490485963
3 0.47578125 0.5209491003411922 0.0265625 0.030769838935304605
0 0.6078125 0.26382896151961827 0.0515625 0.07866351087441492
3 0.7421875 0.43961682319233597 0.0265625 0.03233233893530461
3 0.9515625 0.40361695068238446 0.034375 0.035775673916276673
2 0.43828125 0.3639523424325268 0.0359375 0.05302684091247105
0 0.6796875 0.2683201433445603 0.034375 0.05140067391627658
0 0.42578125 0.32750550646297166 0.0328125 0.045087006920082204