3 0.471875 0.26666666666666666 0.034375 0.06666666666666667
3 0.5 0.2916666666666667 0.0296875 0.05
0 0.5 0.25833333333333336 0.028125 0.044444444444444446
0 0.6875 0.29444444444444445 0.028125 0.05277777777777778
1 0.115625 0.6416666666666667 0.0703125 0.075
2 0.18125 0.5277777777777778 0.2546875 0.8722222222222222
0 0.16875 0.15555555555555556 0.0734375 0.125
2 0.6859375 0.425 0.075 0.31666666666666665
2 0.4921875 0.4583333333333333 0.15625 0.45555555555555555
1 0.475 0.525 0.0375 0.03888888888888889
1 0.6796875 0.48055555555555557 0.025 0.027777777777777776