3 0.51171875 0.68671875 0.05390625 0.0640625
3 0.7828125 0.58828125 0.0296875 0.0359375
1 0.17265625 0.4953125 0.3453125 0.98359375
1 0.5578125 0.55625 0.203125 0.68828125
1 0.79765625 0.5234375 0.09765625 0.390625
1 0.8875 0.49296875 0.06328125 0.278125
3 0.88046875 0.54921875 0.021875 0.0265625
2 0.8921875 0.37578125 0.021875 0.0359375
3 0.984375 0.75703125 0.0296875 0.05859375
0 0.178125 0.1015625 0.1015625 0.203125
1 0.95625 0.64609375 0.08359375 0.6765625
0 0.796875 0.359375 0.0328125 0.059375
0 0.5625 0.27421875 0.0625 0.115625