1 0.0828125 0.8055555555555556 0.0640625 0.08055555555555556
1 0.4140625 0.5388888888888889 0.0234375 0.025
2 0.3203125 0.5611111111111111 0.1453125 0.6
2 0.50625 0.5 0.0890625 0.39166666666666666
2 0.421875 0.4888888888888889 0.078125 0.3194444444444444
0 0.4109375 0.35555555555555557 0.028125 0.05555555555555555
2 0.2234375 0.49722222222222223 0.0734375 0.33611111111111114
0 0.2171875 0.35555555555555557 0.0265625 0.04722222222222222
2 0.121875 0.6 0.2421875 0.7833333333333333
0 0.340625 0.3277777777777778 0.0265625 0.06666666666666667
3 0.3125 0.3111111111111111 0.0421875 0.07777777777777778
0 0.503125 0.3333333333333333 0.028125 0.03611111111111111
0 0.5 0.36666666666666664 0.0328125 0.05277777777777778
0 0.115625 0.29444444444444445 0.0765625 0.13055555555555556
1 0.496875 0.5583333333333333 0.028125 0.03333333333333333
1 0.2953125 0.6527777777777778 0.04375 0.05