3 0.46953125 0.6484375 0.03828125 0.0453125
3 0.259375 0.59296875 0.02890625 0.03984375
3 0.14921875 0.75390625 0.06328125 0.0734375
3 0.0515625 0.665625 0.04765625 0.04609375
1 0.27734375 0.515625 0.0734375 0.39609375
0 0.078125 0.30625 0.0546875 0.115625
0 0.2625 0.35078125 0.0328125 0.05859375
1 0.4703125 0.571875 0.10703125 0.46796875
1 0.059375 0.55625 0.1078125 0.634375
0 0.171875 0.26796875 0.08203125 0.1515625
1 0.1875 0.590625 0.190625 0.8015625
0 0.47109375 0.3859375 0.04140625 0.08203125