0 0.496875 0.31666666666666665 0.0359375 0.058333333333333334
0 0.74375 0.34444444444444444 0.0234375 0.03888888888888889
2 0.659375 0.49444444444444446 0.1421875 0.6361111111111111
2 0.521875 0.46944444444444444 0.10625 0.37777777777777777
2 0.353125 0.4666666666666667 0.1234375 0.45555555555555555
1 0.6375 0.6444444444444445 0.0453125 0.05555555555555555
1 0.3203125 0.5305555555555556 0.03125 0.03333333333333333
1 0.5375 0.525 0.028125 0.030555555555555555
2 0.7515625 0.4777777777777778 0.075 0.3138888888888889
0 0.659375 0.2361111111111111 0.0546875 0.10555555555555556
0 0.346875 0.28055555555555556 0.0390625 0.07777777777777778