2 0.26790447580717885 0.1635491413302129 0.10306084160399784 0.13675985376405225
1 0.20408603246498874 0.4818097099995625 0.4081720649299775 0.844869419999125
1 0.6441329121200557 0.5725938078692968 0.30378020305759074 0.5956440583264072
0 0.7084459309361935 0.35135281923800327 0.0718450748547749 0.10273768083635879
3 0.05614060649570326 0.5760306007983027 0.07387845574818701 0.07942751482874755
0 0.3993984166681697 0.3317155039915137 0.03833906203449331 0.05302684091247105
3 0.5980519706398925 0.6544685489720482 0.05418238585581072 0.05835101087441501
1 0.8300875287454442 0.5966082639145265 0.17571074524248909 0.3237452006080222
0 0.863253247313913 0.4727224363479284 0.043099336641599 0.054780341901054186
3 0.804013026264245 0.6354651754735136 0.02787244292790527 0.029207338935304604
1 0.35803920843878334 0.4466574130790427 0.16731604838564226 0.3109268656270504