0 0.4140625 0.35555555555555557 0.0203125 0.041666666666666664
1 0.053125 0.7861111111111111 0.053125 0.06388888888888888
1 0.3984375 0.5277777777777778 0.0234375 0.027777777777777776
1 0.5296875 0.5722222222222222 0.0265625 0.030555555555555555
0 0.296875 0.37222222222222223 0.034375 0.05555555555555555
2 0.103125 0.5611111111111111 0.2046875 0.7805555555555556
2 0.29375 0.5 0.09375 0.36944444444444446
2 0.40625 0.48055555555555557 0.08125 0.3055555555555556
0 0.3015625 0.3388888888888889 0.0296875 0.03888888888888889
0 0.396875 0.35555555555555557 0.01875 0.041666666666666664
1 0.2875 0.5722222222222222 0.0265625 0.027777777777777776
2 0.5328125 0.5194444444444445 0.078125 0.35
0 0.0625 0.24444444444444444 0.0734375 0.14444444444444443
0 0.5390625 0.37222222222222223 0.028125 0.05555555555555555