2 0.440625 0.5 0.1421875 0.6305555555555555
2 0.1125 0.5055555555555555 0.184375 0.4861111111111111
1 0.396875 0.6055555555555555 0.0453125 0.05
3 0.36875 0.2861111111111111 0.0390625 0.07777777777777778
2 0.34375 0.49444444444444446 0.096875 0.5055555555555555
0 0.1140625 0.30833333333333335 0.04375 0.08611111111111111
1 0.3171875 0.5777777777777777 0.034375 0.03888888888888889
1 0.6828125 0.6194444444444445 0.0453125 0.04722222222222222
2 0.7125 0.525 0.1578125 0.5555555555555556
0 0.434375 0.25 0.05 0.10555555555555556
0 0.7078125 0.29444444444444445 0.0484375 0.08888888888888889