0 0.2912165434976597 0.22272195236260467 0.07359400889724857 0.04637374203690507
0 0.4130383716329115 0.9899028406226652 0.046331171939110224 0.02019431875466964
1 0.49158388840164446 0.6833240653473751 0.3483976907221905 0.13408365756780682
2 0.29526600942872117 0.45599718394675326 0.07340300790866543 0.041686242036904984
1 0.44867492193911024 0.05107300746898476 0.4754748438782205 0.07757459428657025
1 0.4606377055509382 0.21076652588483621 0.43130303262324465 0.17944093117474297
1 0.46837058699531936 0.4388005206231644 0.44724636760421677 0.18816348379146142
1 0.5571093652071208 0.9510528077372161 0.3797750247145793 0.0978943845255678
0 0.4034577831918984 0.9689059786003767 0.06402800790866543 0.04114021046687384
3 0.631009780226149 0.9681302468044667 0.035584672927693364 0.0316896157567804
3 0.5445351334587285 0.6630262468750538 0.030706171939110228 0.02672909997176518
0 0.34977839037881076 0.6844175865352369 0.054525673916276676 0.03746917889684287