3 0.2421875 0.2916666666666667 0.021875 0.03888888888888889
2 0.565625 0.36944444444444446 0.10625 0.4
2 0.7125 0.4444444444444444 0.2046875 0.6805555555555556
0 0.56875 0.19722222222222222 0.034375 0.05
1 0.5578125 0.4222222222222222 0.03125 0.03888888888888889
2 0.24375 0.3638888888888889 0.084375 0.3055555555555556
0 0.70625 0.16666666666666666 0.0609375 0.11388888888888889
2 0.428125 0.33611111111111114 0.06875 0.2361111111111111
0 0.428125 0.24166666666666667 0.0203125 0.041666666666666664
3 0.565625 0.2361111111111111 0.040625 0.06388888888888888
3 0.2375 0.24166666666666667 0.0234375 0.05