0 0.264144341938083 0.18464785162876407 0.06703485253201391 0.10681548439090335
1 0.6569527391943076 0.3160938361044855 0.17105157850155467 0.4737698606144387
1 0.30428974175455636 0.37862603012188495 0.2840499203690506 0.7272073738612826
1 0.91640625 0.3866891114170469 0.1671875 0.7152133161494015
3 0.6430260180629157 0.39825157167651515 0.04335515785015538 0.048293656260602266
0 0.6294438472703421 0.12489591723001148 0.05151626834526439 0.08132441106992569
0 0.948907207836038 0.09472978991016777 0.0649109104104042 0.12389385698624167
0 0.25621147362105356 0.07521828792643322 0.07797235253201391 0.10719743030721936
0 0.18310717356458386 0.13191966651222126 0.04701077886860796 0.08428571996293312
1 0.525407336605824 0.26627983066218985 0.09728233660582397 0.2513293762235354
1 0.19583322867096392 0.296872543916883 0.15582142065139926 0.4264583509957919
0 0.5143872656438412 0.17077635770403185 0.027730157850155555 0.0477480192372937
3 0.26667489164161695 0.49582096460545555 0.07146474729857691 0.07578373920022692