1 0.6521765694242756 0.5705265114178598 0.298008132066747 0.08466809070654371
3 0.43208423394188256 0.8701248800524976 0.06512038896415202 0.050727253341817755
0 0.7756151486866321 0.7507599987666772 0.05147396879233561 0.028706802673454136
0 0.7890591779737327 0.024016232773676895 0.08124335594746537 0.030614748010817688
0 0.7912158152404041 0.6759872654359953 0.06742651741285446 0.03513861600890866
1 0.6508608101520215 0.7539929920830416 0.30952548620519005 0.06606354137490715
0 0.7449218328804011 0.2842810234324954 0.04497830732694617 0.023946577339272503
0 0.7902641468776098 0.7025224934356771 0.06709896879233561 0.028888616008908664
2 0.7735159808896649 0.5766230647676317 0.048021420171816584 0.022420440006363406
3 0.5485746138609231 0.6794100680696786 0.03757524310259512 0.03166817067154533
1 0.6039405495250302 0.037477654081768966 0.4610060990500603 0.06626463072881532
1 0.6192965496365719 0.6880407280792237 0.42760710085908277 0.11428396005727012