0 0.896875 0.15555555555555556 0.05 0.09722222222222222
2 0.5328125 0.31666666666666665 0.0984375 0.36944444444444446
0 0.65625 0.16944444444444445 0.03125 0.05555555555555555
0 0.3390625 0.125 0.040625 0.07222222222222222
0 0.5359375 0.16666666666666666 0.028125 0.058333333333333334
3 0.171875 0.16666666666666666 0.028125 0.05
1 0.8375 0.4777777777777778 0.0453125 0.044444444444444446
2 0.1859375 0.325 0.1265625 0.37222222222222223
0 0.5203125 0.16111111111111112 0.021875 0.05277777777777778
0 0.228125 0.19444444444444445 0.025 0.05
3 0.6671875 0.21666666666666667 0.0234375 0.05
1 0.646875 0.37777777777777777 0.025 0.03333333333333333
1 0.1375 0.39166666666666666 0.028125 0.030555555555555555
1 0.5296875 0.375 0.0296875 0.03333333333333333
1 0.3109375 0.4166666666666667 0.0375 0.03888888888888889
2 0.8859375 0.39444444444444443 0.15625 0.5833333333333334
2 0.340625 0.3277777777777778 0.1171875 0.4777777777777778
2 0.65625 0.3111111111111111 0.0890625 0.3416666666666667