1 0.7125 0.5027777777777778 0.046875 0.04722222222222222
2 0.403125 0.4111111111111111 0.134375 0.5277777777777778
2 0.590625 0.3388888888888889 0.0875 0.35833333333333334
2 0.7515625 0.4111111111111111 0.159375 0.6305555555555555
0 0.9296875 0.1527777777777778 0.0515625 0.10555555555555556
2 0.209375 0.38055555555555554 0.10625 0.3861111111111111
0 0.5828125 0.18888888888888888 0.0328125 0.05277777777777778
0 0.775 0.14444444444444443 0.053125 0.09722222222222222
2 0.921875 0.4083333333333333 0.15 0.625
2 0.0703125 0.38055555555555554 0.140625 0.6444444444444445
1 0.578125 0.40555555555555556 0.0265625 0.03333333333333333
1 0.3671875 0.5222222222222223 0.0421875 0.044444444444444446
3 0.20625 0.2222222222222222 0.028125 0.06666666666666667
3 0.396875 0.18888888888888888 0.04375 0.075