2 0.2586285487937771 0.402948387727153 0.06425339754067191 0.034303571238402775
1 0.39576441354974523 0.6030419195466322 0.3756454154946528 0.11966572188333373
1 0.4132115096643615 0.42451752925402814 0.41637949980360833 0.13936127925402814
1 0.39584063984022777 0.8585470371378129 0.261364746876742 0.07951088772715309
1 0.38775140476914655 0.7716282653863198 0.3100295058537325 0.11970078305375012
1 0.5004949036889921 0.060874562973368476 0.774010192622016 0.11643945763437566
3 0.4574877087292851 0.6036971893982643 0.031413626463433174 0.028852351823611143
0 0.242058672330344 0.4306915280197572 0.07054884933607006 0.0422615416031249
0 0.28723779948114814 0.8575819895507643 0.04234203610435348 0.02754442496187508
3 0.48128479879377706 0.4081307694703823 0.034565897540672096 0.03361258700597229
0 0.25957186261466886 0.7780211229095141 0.050163626463433086 0.02928876291777769
0 0.2653320249860637 0.5937552256830558 0.0548602168225127 0.030960365691319502
3 0.4279673386105637 0.8428863227570143 0.020421584308955333 0.01922277868534721
0 0.2355808924725064 0.6040017414506252 0.05019089754067192 0.03397626291777787
0 0.21081932533196496 0.02522212480937518 0.11889544574527386 0.027763936929722323
3 0.4309201426688981 0.738253374143785 0.029842036104353653 0.02725348423243048