2 0.5 0.6 0.0890625 0.4166666666666667
1 0.0328125 0.7861111111111111 0.053125 0.06111111111111111
1 0.4890625 0.6611111111111111 0.03125 0.03333333333333333
0 0.578125 0.4361111111111111 0.0359375 0.058333333333333334
1 0.196875 0.9333333333333333 0.0703125 0.08611111111111111
0 0.078125 0.3611111111111111 0.0703125 0.11666666666666667
0 0.215625 0.3472222222222222 0.084375 0.14166666666666666
2 0.425 0.6916666666666667 0.1703125 0.5861111111111111
2 0.24375 0.6305555555555555 0.2375 0.7166666666666667
2 0.5765625 0.5833333333333334 0.0875 0.37222222222222223
2 0.08125 0.6444444444444445 0.1625 0.6916666666666667
3 0.4203125 0.4444444444444444 0.046875 0.08333333333333333
0 0.4859375 0.425 0.0359375 0.06666666666666667
0 0.3375 0.4083333333333333 0.04375 0.08055555555555556
1 0.571875 0.6666666666666666 0.0265625 0.03888888888888889