0 0.2909564887056556 0.7382368399662962 0.054525673916276586 0.03468407220870695
1 0.5011910627750316 0.30050153239192035 0.7461533942959624 0.2933349687674204
1 0.41984815125322567 0.7194600897699044 0.33471719269935696 0.12535556576579943
1 0.43489087802152115 0.6094174692583996 0.39740819368794006 0.13040668012898404
1 0.39409478167184264 0.547476005460949 0.34351918973360734 0.11134760792027709
2 0.21045331623507266 0.3152124304235716 0.13605951680591397 0.08046018052176755
3 0.4385159437251211 0.525864625874258 0.03245967292769336 0.029869307181592218
0 0.2368831650562091 0.3887862858097659 0.07046900889724857 0.04258747579950324
3 0.602854380455798 0.22689183645025474 0.0682990138401646 0.06600679508134392
0 0.2597662026223697 0.5670021894005621 0.060775673916276585 0.034720433645025396
3 0.49465053859192487 0.5808657432625047 0.038837006920082115 0.03303066861791084
3 0.4521194817855734 0.7063697373105764 0.029271005931498985 0.028288626463433175
2 0.28120746250820144 0.6139908188890573 0.06402800790866543 0.03786361436318479