1 0.5084394687778656 0.4503341084338562 0.4482663337461149 0.18715467774659
2 0.705639800457066 0.4872962771353346 0.06602741439185814 0.04554487336031983
3 0.42778662820732494 0.4836988070998037 0.047131865177646406 0.04143722749876275
3 0.5027480868509961 0.5220862777011614 0.03583049214211709 0.033051517412854635
1 0.6224740818885974 0.608242862956412 0.25011562406898663 0.11598128335537101
1 0.5819840924325674 0.1996624010614813 0.2723544971045159 0.1249402035271876
1 0.561215558314949 0.5110536024409622 0.3715197431755744 0.14572409430036187
0 0.6790259505809005 0.4365626147654342 0.07867296360606986 0.049324970601357876
0 0.7194411271738677 0.5945289229968915 0.04491439371369381 0.027292840343633173
2 0.6878894900752025 0.19581478403273958 0.04818494292790554 0.03058161465389255
3 0.538996071754403 0.21463894787297805 0.026018844499482087 0.02318519448207601