3 0.659375 0.60703125 0.03984375 0.04921875
1 0.68125 0.51796875 0.1296875 0.51875
1 0.121875 0.5109375 0.2078125 0.63828125
1 0.571875 0.4578125 0.10078125 0.37890625
0 0.8796875 0.34375 0.02890625 0.053125
0 0.578125 0.30390625 0.0359375 0.065625
1 0.88046875 0.46171875 0.08203125 0.29140625
3 0.8625 0.53203125 0.0203125 0.0234375
0 0.68515625 0.30703125 0.0484375 0.09296875
3 0.5546875 0.51796875 0.02734375 0.028125
3 0.046875 0.62265625 0.04453125 0.05078125
2 0.115625 0.24609375 0.0546875 0.103125