2 0.2232930960164204 0.25020590314042074 0.0909886143631847 0.06513691818411553
1 0.4547436047970191 0.4256618588672662 0.3509908491396784 0.18049645988348056
1 0.41896466520006526 0.3176076664682559 0.30236245159900643 0.14627457257817741
1 0.49945718285945856 0.5925598538527013 0.3807510720123153 0.19386027790931165
2 0.21684310811666876 0.21564904671392998 0.07843407220870698 0.055398205331134064
3 0.5541385750373774 0.1903130437444291 0.05496021077238851 0.04846624373179385
1 0.42750789734428024 0.17491170110799195 0.5565510236113216 0.3364522578510518
0 0.3512378514773694 0.6257407637235466 0.06274543969514967 0.04400606426490725
0 0.31665325233769104 0.4544507854311589 0.05335225897699045 0.04060827962517113
3 0.5078049722834617 0.4162701384924373 0.03143180718159222 0.03215928213245363
0 0.2679334303253758 0.27025163017916715 0.06590680113146821 0.050346992478152594
3 0.4767453489432866 0.3138210884132951 0.032976126463433175 0.029079746239076342
3 0.5067459454506863 0.23423888849243735 0.045530668617910844 0.03881845909205772
0 0.29645840612487895 0.3398199840983754 0.04551248789975162 0.03569345909205772
2 0.21927321652792514 0.23056099287386403 0.09266928903121974 0.08549488229073816
1 0.42410616227319897 0.26151679084143525 0.4588578912941559 0.19300848324044556
3 0.5573196798343965 0.6028357757977405 0.03769998789975162 0.035466138558944496