0 0.703125 0.26796875 0.02890625 0.05546875
1 0.4046875 0.3875 0.059375 0.215625
0 0.40703125 0.29921875 0.01875 0.0359375
1 0.10078125 0.41171875 0.11640625 0.384375
1 0.7046875 0.415625 0.1046875 0.35859375
1 0.47109375 0.41953125 0.09296875 0.3734375
3 0.6953125 0.48203125 0.0265625 0.03125
0 0.4703125 0.26484375 0.034375 0.059375
0 0.10234375 0.25546875 0.03671875 0.06484375
3 0.45234375 0.47890625 0.03046875 0.03203125
1 0.28359375 0.38671875 0.07109375 0.2140625
0 0.284375 0.3015625 0.0203125 0.03984375