3 0.64453125 0.29453125 0.02734375 0.02890625
0 0.04609375 0.09375 0.03671875 0.06953125
1 0.0484375 0.2640625 0.096875 0.421875
1 0.303125 0.2421875 0.11328125 0.353125
3 0.45625 0.3484375 0.03828125 0.03828125
1 0.4921875 0.24921875 0.12421875 0.4515625
1 0.6640625 0.2359375 0.0828125 0.36796875
2 0.80625 0.12578125 0.02578125 0.046875
3 0.79609375 0.296875 0.0234375 0.0296875
0 0.30859375 0.0984375 0.03359375 0.0609375
1 0.175 0.31015625 0.2171875 0.6203125
1 0.8078125 0.246875 0.06484375 0.3
0 0.659375 0.0828125 0.03203125 0.06015625
0 0.49453125 0.0625 0.03671875 0.0703125