1 0.414899333916172 0.2612850795065834 0.39476812021691715 0.19104408304098666
1 0.35822767398066396 0.4597345083657759 0.3665158551898025 0.16802307710948763
1 0.35063282171772764 0.36314600984865064 0.4965215177575891 0.22799493779362212
3 0.21214703863843626 0.3336242890118543 0.0518261204133089 0.04741351087441492
3 0.35147718335043787 0.2396448428524563 0.03926248789975162 0.03596667490485981
3 0.3174163216195318 0.42935860026683004 0.03766362646343309 0.02965300790866543
2 0.524415234481906 0.281047139772976 0.06118293969514958 0.04467051285158128
0 0.5090998275714602 0.4692156432330171 0.05958407825883114 0.0383568458553869
0 0.5503237495090206 0.3018716343357686 0.0470477168225127 0.031597509885831696
0 0.5713038700205255 0.2814808798871443 0.06117384933607006 0.04310801285158128
0 0.5477168999765588 0.39106146832815736 0.07687157220870695 0.05624468281352524