0 0.934375 0.36796875 0.0234375 0.04375
2 0.78671875 0.365625 0.025 0.053125
3 0.8671875 0.56171875 0.02578125 0.0296875
1 0.21953125 0.553125 0.3453125 0.8765625
0 0.21953125 0.20078125 0.10078125 0.159375
3 0.79921875 0.54140625 0.01953125 0.0234375
1 0.8765625 0.50546875 0.09140625 0.36015625
1 0.53515625 0.4765625 0.06953125 0.27109375
3 0.1 0.9125 0.0859375 0.09375
1 0.80078125 0.48046875 0.071875 0.30546875
0 0.54140625 0.365625 0.0234375 0.0453125
0 0.88046875 0.35546875 0.02890625 0.05546875
3 0.93203125 0.55078125 0.01875 0.02578125
2 0.8046875 0.359375 0.02109375 0.053125
1 0.940625 0.48828125 0.0671875 0.284375