2 0.37342835505465233 0.4837351707733905 0.06184668977951393 0.04119048439090349
0 0.39401034593659673 0.6408309081595188 0.06028418977951393 0.04113592068857237
3 0.6303608475521173 0.9000695320208013 0.03513871941479163 0.03401290145127902
1 0.5411581028704509 0.6342411461786192 0.3638469072944446 0.13760421523842759
0 0.2313201223408332 0.1394345553496284 0.15854115824437506 0.10389387023308556
1 0.5660074068226729 0.9103324202252363 0.3810707748856251 0.1397669159640671
1 0.6548536609067355 0.8219544557045989 0.6597439015948613 0.3071826275742978
1 0.5460729533628819 0.15433539136929583 0.8203540932742364 0.29874018891437587
0 0.38955531601697846 0.8322371581595188 0.10472517401194459 0.07235120435383635
3 0.7625018535360409 0.8663716330165933 0.07020470364722228 0.06490080290255769
1 0.5357289865135413 0.46438251396463415 0.40843336189159735 0.17506949890369156
0 0.4131363267505548 0.927668709247978 0.06504442496187508 0.044424611795565026
3 0.8210008713909026 0.13344257112836103 0.07994337955902786 0.08085318511654278
3 0.5980471485576385 0.4743775620578683 0.03513871941479163 0.034012901451278665