2 0.2900959712787264 0.5403195420617983 0.06931656603337358 0.04414614767057934
1 0.45929302860567256 0.5725599112382467 0.42200555404758583 0.17326259610938416
1 0.39312355325461645 0.796590553481759 0.24372342378986112 0.13119684757972222
3 0.5135644487774892 0.5972190745126582 0.04094590456798421 0.03798467887824373
1 0.5300138008797672 0.9311647908186028 0.9166629568065477 0.1376704183627943
1 0.4131373236081471 0.4797649016273082 0.2332838907731744 0.1103930246489437
0 0.3016796817033189 0.7762160984842335 0.04514208163720586 0.028855340343632997
0 0.34988821460846403 0.15000548055098056 0.04029080732694634 0.025484678878243815
0 0.3199638557203227 0.470986365897088 0.03387703301668683 0.022032130257724703
3 0.438707211667788 0.5068154025318193 0.021295145861557074 0.01981453301668683
0 0.35206486827193717 0.16180611770611028 0.04506019448207601 0.02729284034363304
1 0.45761550542706697 0.16889600067736854 0.2698764880142125 0.12477642921692808
3 0.5002500627540132 0.19450351028830695 0.029271420171816588 0.02334896879233552