0 0.58984375 0.36015625 0.02578125 0.0515625
0 0.11796875 0.2890625 0.04453125 0.16328125
2 0.05703125 0.2625 0.09765625 0.175
1 0.45390625 0.47421875 0.065625 0.30859375
1 0.25703125 0.51875 0.125 0.49140625
1 0.59140625 0.4859375 0.06640625 0.3046875
3 0.44609375 0.528125 0.02265625 0.02890625
0 0.24921875 0.3359375 0.03828125 0.0890625
3 0.0390625 0.890625 0.078125 0.109375
2 0.4546875 0.34609375 0.02578125 0.04375
0 0.4546875 0.34453125 0.02578125 0.04375
3 0.5890625 0.54609375 0.0234375 0.03046875
1 0.12265625 0.58046875 0.24453125 0.81875
3 0.2328125 0.6875 0.03359375 0.04375