1 0.34296875 0.4921875 0.09453125 0.346875
0 0.534375 0.38046875 0.01953125 0.03359375
0 0.36171875 0.34296875 0.02578125 0.05625
0 0.33828125 0.35078125 0.02578125 0.04375
2 0.50078125 0.36796875 0.0375 0.0765625
3 0.18828125 0.54921875 0.02890625 0.03046875
3 0.33671875 0.56015625 0.0265625 0.03515625
3 0.0375 0.68671875 0.05234375 0.05703125
3 0.4765625 0.671875 0.03515625 0.04296875
2 0.46796875 0.38359375 0.034375 0.059375
0 0.08125 0.28125 0.0609375 0.10859375
1 0.2 0.49296875 0.0859375 0.34453125
1 0.08203125 0.57109375 0.16328125 0.6890625
0 0.20078125 0.34921875 0.0296875 0.05390625