1 0.39409406249588086 0.6127239381758682 0.10024901055001152 0.2855858105039836
3 0.7114843396882792 0.4993650979802065 0.036755706168510115 0.0479206744523216
3 0.6264468664736405 0.5484270721159591 0.02869774431795715 0.03363085391920819
0 0.7250049176087309 0.7371378826199425 0.045031856330665934 0.074710494985435
0 0.6643537897677094 0.751771032461658 0.033712526785361165 0.052517246239076346
0 0.4117100308392557 0.727241079242095 0.030560253246410873 0.05086381802583091
2 0.7454986497518233 0.7033766480593489 0.033876168019063256 0.06189224623907634
1 0.6445753035674272 0.6028334272888085 0.11718314041962792 0.3610404515702104
1 0.7266241444768176 0.5614930249398107 0.15264908197764146 0.42454066191590945
1 0.24168212864850505 0.6043849377801568 0.10490923701106122 0.2841597028238517
0 0.26549354991397917 0.7159589352728744 0.030532979707460585 0.04930131802583091