0 0.56171875 0.24375 0.02890625 0.0546875
3 0.44921875 0.50234375 0.03359375 0.0359375
0 0.05859375 0.2625 0.03203125 0.0796875
2 0.69921875 0.28359375 0.025 0.0453125
0 0.7 0.2546875 0.02421875 0.03359375
3 0.54296875 0.453125 0.025 0.02890625
1 0.16640625 0.4734375 0.16171875 0.55703125
1 0.7015625 0.38125 0.07109375 0.28984375
1 0.565625 0.3859375 0.08515625 0.340625
1 0.47578125 0.434375 0.11015625 0.43671875
1 0.05390625 0.46640625 0.1078125 0.4984375
0 0.1515625 0.2359375 0.0453125 0.0796875
3 0.11328125 0.58671875 0.04296875 0.04921875
3 0.015625 0.553125 0.03125 0.04375
3 0.69453125 0.4265625 0.021875 0.025
0 0.03359375 0.2640625 0.04609375 0.08046875
2 0.47109375 0.25390625 0.03515625 0.065625