2 0.3203125 0.48333333333333334 0.1 0.35555555555555557
0 0.0578125 0.14722222222222223 0.1140625 0.24166666666666667
2 0.153125 0.5111111111111111 0.3046875 0.9694444444444444
2 0.8 0.4888888888888889 0.0796875 0.30833333333333335
1 0.803125 0.575 0.0203125 0.027777777777777776
1 0.9484375 0.5361111111111111 0.0203125 0.022222222222222223
0 0.9484375 0.38055555555555554 0.025 0.044444444444444446
0 0.803125 0.36666666666666664 0.0328125 0.058333333333333334
0 0.340625 0.3333333333333333 0.0234375 0.05555555555555555
0 0.31875 0.34444444444444444 0.028125 0.06388888888888888
2 0.9546875 0.49444444444444446 0.084375 0.275