2 0.7609375 0.5527777777777778 0.103125 0.35555555555555557
0 0.275 0.4444444444444444 0.01875 0.041666666666666664
2 0.278125 0.5222222222222223 0.0484375 0.2
1 0.1859375 0.625 0.0328125 0.03333333333333333
1 0.440625 0.6388888888888888 0.03125 0.03611111111111111
1 0.7484375 0.6 0.028125 0.030555555555555555
2 0.45625 0.5777777777777777 0.1125 0.425
3 0.2109375 0.38055555555555554 0.0375 0.06111111111111111
3 0.4546875 0.4 0.034375 0.06388888888888888
2 0.215625 0.5444444444444444 0.1046875 0.4
0 0.7828125 0.4111111111111111 0.0375 0.06388888888888888