3 0.5140625 0.4296875 0.0203125 0.02421875
0 0.4 0.27734375 0.02109375 0.04375
0 0.521875 0.25546875 0.02265625 0.04296875
2 0.5203125 0.284375 0.02265625 0.040625
0 0.75 0.27109375 0.0203125 0.03515625
0 0.7375 0.2515625 0.015625 0.03359375
1 0.740625 0.359375 0.06171875 0.24921875
3 0.73671875 0.4109375 0.01875 0.0234375
1 0.21171875 0.54453125 0.20078125 0.6765625
1 0.3984375 0.37421875 0.07265625 0.240625
1 0.5140625 0.37265625 0.05546875 0.27890625
1 0.5671875 0.45625 0.08359375 0.396875
0 0.19296875 0.26484375 0.06484375 0.11328125
2 0.5609375 0.30234375 0.0359375 0.06796875
3 0.1453125 0.66015625 0.05703125 0.0609375