1 0.5625 0.46111111111111114 0.025 0.027777777777777776
1 0.7125 0.4444444444444444 0.025 0.027777777777777776
1 0.6375 0.4666666666666667 0.0265625 0.030555555555555555
1 0.0875 0.7666666666666667 0.0625 0.07222222222222222
3 0.121875 0.2833333333333333 0.053125 0.10555555555555556
0 0.1421875 0.23055555555555557 0.0625 0.10555555555555556
0 0.7171875 0.2638888888888889 0.028125 0.05
0 0.6421875 0.25555555555555554 0.0328125 0.058333333333333334
0 0.415625 0.28888888888888886 0.03125 0.058333333333333334
2 0.6453125 0.40555555555555556 0.090625 0.36666666666666664
0 0.565625 0.2611111111111111 0.028125 0.05277777777777778
2 0.71875 0.39444444444444443 0.075 0.31666666666666665
2 0.140625 0.5416666666666666 0.2328125 0.7333333333333333
2 0.56875 0.4 0.075 0.33055555555555555
2 0.4140625 0.41944444444444445 0.090625 0.3277777777777778