3 0.4759909638121177 0.4103744385751038 0.03851829255305557 0.045059528855940556
1 0.6259006980445483 0.3754761050025071 0.28558558187506994 0.5985565842055689
1 0.4840203629384371 0.46785955636111864 0.1922680737069447 0.4126339531727101
1 0.5653794657119787 0.46033474383991424 0.16098039969500028 0.3428472428284238
0 0.5232796186380203 0.6257340545470201 0.04520470364722229 0.06402778366526399
0 0.5158853459365967 0.6080381230586744 0.04832970364722229 0.0641369110699257
3 0.746545078837847 0.12224692288118919 0.07372974715020852 0.08219743030721939
0 0.612451874621944 0.5843699553653268 0.043678571238402776 0.06553571996293303
1 0.7567337771667357 0.3385069061757843 0.4084074456665284 0.6770138123515685
3 0.6302628493550693 0.2886755094490108 0.052908100873680655 0.059613102176918266
2 0.6893410297321869 0.6012003020999495 0.06609908510611114 0.08973711179556502