1 0.9306464942090319 0.6877158588007591 0.13870701158193627 0.4390123388755134
1 0.5492126352321292 0.7696451910788621 0.122110556243525 0.2766199874635877
1 0.3775923463569996 0.7701128893503671 0.13719620884855885 0.36600073620994633
0 0.9771694684637702 0.8632841601335427 0.04566106307245974 0.07788095909205772
3 0.3647220111631425 0.6612918188172537 0.03455909057054054 0.03845474623907634
3 0.4457900746453779 0.6597497023616332 0.04429796360606986 0.04654003087881246
3 0.3293859786981538 0.6899109123116208 0.03961046360606986 0.04640363855894449
1 0.8247840618250963 0.6224054443775675 0.3278085161255412 0.739797252045064
1 0.45624173117935324 0.7333917908414354 0.2091140583104396 0.46951819279472173
1 0.6398183645539646 0.7551173413162889 0.12011140860089001 0.26719952335696495
0 0.8880119236929739 0.9246188137361818 0.08797949710451576 0.11334709765100222
1 0.3281188852321291 0.7632120199917527 0.15947362324041717 0.40877926959604133
0 0.36412065942495025 0.9163968559642722 0.043608758891340214 0.06524456677218993
0 0.6562674640158455 0.857020822115959 0.03030823821317572 0.04769335391920819
0 0.39924052212139727 0.9166385483632826 0.04687930810555185 0.06846049498543501
0 0.4928813602107384 0.9170226447606435 0.05156680810555194 0.06859688730530315
0 0.5713851958188804 0.8771765462517116 0.03528683664159917 0.05407974623907634
3 0.8356209003287223 0.4698032816037282 0.0690454065339754 0.07534699247815269