1 0.4625 0.38359375 0.06171875 0.24375
1 0.6015625 0.396875 0.0953125 0.24921875
3 0.8171875 0.4390625 0.01796875 0.01875
0 0.29921875 0.23984375 0.06171875 0.11875
1 0.8296875 0.41015625 0.065625 0.24375
0 0.10546875 0.278125 0.03125 0.05625
3 0.2765625 0.65078125 0.05078125 0.0578125
0 0.8296875 0.30859375 0.02109375 0.03671875
0 0.60546875 0.29296875 0.021875 0.03984375
0 0.4625 0.2859375 0.01953125 0.04375
3 0.59921875 0.43984375 0.01875 0.02109375
1 0.10234375 0.415625 0.103125 0.3359375
1 0.3140625 0.5078125 0.16640625 0.66328125