1 0.36840158381797605 0.34083706079582965 0.18820099941082483 0.3901442527304745
1 0.8338543878763105 0.44282017896964343 0.1726578126425416 0.40411584913967824
1 0.1650720507386847 0.30686255747617996 0.26578161962774194 0.5655896803253758
0 0.8712356923274281 0.2879099651721927 0.044140885440423716 0.06744203005422929
0 0.403484590064492 0.19375298253699844 0.04572156615858276 0.0705761204133089
0 0.22946076190385667 0.093980762394836 0.06776019262201594 0.09882838544042356
1 0.7013868006404888 0.36858831431187106 0.1344214935570925 0.2773351805217675
0 0.9181197826865081 0.2891997543998042 0.04098861436318444 0.06273634933607006
1 0.892389050542293 0.4323230405041577 0.15209078258831213 0.36024767447164335
0 0.7265908128389331 0.2692195733870574 0.03469316256778665 0.05488748789975162
3 0.8123248215213359 0.502322443996758 0.039317030054229374 0.04397725897699054