0 0.6578125 0.3388888888888889 0.0265625 0.03888888888888889
2 0.528125 0.4888888888888889 0.1359375 0.4638888888888889
2 0.8328125 0.4722222222222222 0.075 0.29444444444444445
0 0.0515625 0.11666666666666667 0.096875 0.18055555555555555
1 0.66875 0.5888888888888889 0.0359375 0.041666666666666664
2 0.3234375 0.4777777777777778 0.08125 0.2916666666666667
0 0.6984375 0.30277777777777776 0.0453125 0.07777777777777778
1 0.4828125 0.5527777777777778 0.0359375 0.03611111111111111
1 0.9625 0.5472222222222223 0.025 0.027777777777777776
3 0.5296875 0.3 0.0484375 0.075
3 0.328125 0.3611111111111111 0.025 0.05
0 0.965625 0.35555555555555557 0.03125 0.058333333333333334
1 0.81875 0.5194444444444445 0.0203125 0.025
0 0.8328125 0.35 0.025 0.041666666666666664
2 0.6796875 0.5055555555555555 0.1421875 0.49166666666666664
2 0.9609375 0.49722222222222223 0.0765625 0.34444444444444444
2 0.1046875 0.5027777777777778 0.209375 0.9666666666666667