0 0.775 0.30833333333333335 0.034375 0.06111111111111111
3 0.496875 0.30833333333333335 0.0375 0.07777777777777778
3 0.115625 0.34444444444444444 0.028125 0.06388888888888888
0 0.4734375 0.28888888888888886 0.040625 0.07777777777777778
0 0.9875 0.33611111111111114 0.025 0.05555555555555555
2 0.76875 0.4722222222222222 0.1109375 0.39166666666666666
2 0.48125 0.49444444444444446 0.15 0.49166666666666664
2 0.109375 0.48055555555555557 0.09375 0.34444444444444444
2 0.965625 0.4861111111111111 0.0671875 0.35833333333333334
1 0.7578125 0.5555555555555556 0.0265625 0.030555555555555555
1 0.440625 0.5777777777777777 0.0359375 0.041666666666666664