0 0.575 0.2734375 0.02734375 0.05703125
0 0.35859375 0.278125 0.021875 0.04375
0 0.5921875 0.278125 0.0171875 0.04453125
1 0.75703125 0.40546875 0.06953125 0.26875
0 0.25546875 0.25078125 0.02109375 0.0484375
0 0.75390625 0.29453125 0.02265625 0.04296875
0 0.2859375 0.303125 0.0203125 0.0390625
1 0.29453125 0.38515625 0.0515625 0.209375
0 0.23671875 0.26171875 0.02890625 0.0640625
3 0.57421875 0.4640625 0.02421875 0.0265625
1 0.23203125 0.396875 0.09765625 0.34296875
1 0.5890625 0.4140625 0.08515625 0.33984375
1 0.359375 0.38515625 0.0734375 0.2609375
3 0.75078125 0.44296875 0.02109375 0.0234375