1 0.62890625 0.390625 0.07890625 0.26640625
1 0.25078125 0.38984375 0.07421875 0.25
0 0.503125 0.25703125 0.0484375 0.09140625
0 0.39375 0.2796875 0.02109375 0.04296875
3 0.47421875 0.58515625 0.04765625 0.0515625
0 0.2546875 0.28828125 0.0203125 0.04296875
3 0.621875 0.4765625 0.02109375 0.0265625
0 0.634375 0.28359375 0.02734375 0.04921875
0 0.2875 0.30078125 0.01875 0.0359375
0 0.18515625 0.3 0.015625 0.03515625
1 0.390625 0.384375 0.06953125 0.25546875
1 0.509375 0.5015625 0.1453125 0.59296875
1 0.1765625 0.39375 0.10078125 0.2296875