0 0.9765625 0.3527777777777778 0.0328125 0.058333333333333334
0 0.4390625 0.2833333333333333 0.040625 0.07777777777777778
3 0.23125 0.3333333333333333 0.0265625 0.06111111111111111
1 0.9640625 0.5472222222222223 0.025 0.030555555555555555
1 0.409375 0.5777777777777777 0.040625 0.041666666666666664
0 0.7859375 0.3277777777777778 0.028125 0.05
1 0.003125 0.24305555555555555 0.00625 0.08611111111111111
2 0.7828125 0.4722222222222222 0.08125 0.3416666666666667
0 0.4 0.2777777777777778 0.0421875 0.08055555555555556
2 0.2203125 0.48333333333333334 0.121875 0.37222222222222223
2 0.4265625 0.4888888888888889 0.1390625 0.5111111111111111
2 0.9625 0.49444444444444446 0.071875 0.34444444444444444
1 0.7609375 0.5416666666666666 0.025 0.030555555555555555