0 0.6765625 0.265625 0.02734375 0.046875
1 0.2875 0.5328125 0.19375 0.68203125
1 0.67265625 0.390625 0.08046875 0.30703125
1 0.57109375 0.421875 0.07734375 0.365625
1 0.50859375 0.39296875 0.06640625 0.31796875
2 0.26953125 0.2546875 0.0609375 0.1203125
3 0.49296875 0.43828125 0.025 0.0265625
0 0.3421875 0.26875 0.03359375 0.06328125
3 0.22890625 0.640625 0.05546875 0.05625
0 0.5109375 0.2625 0.0265625 0.053125
3 0.55078125 0.4828125 0.02734375 0.03203125
3 0.6640625 0.4234375 0.02265625 0.02421875
2 0.55859375 0.27578125 0.03046875 0.05703125