3 0.1234375 0.60546875 0.04453125 0.04375
0 0.96171875 0.3625 0.0234375 0.04140625
0 0.446875 0.334375 0.0265625 0.053125
0 0.54140625 0.3109375 0.0375 0.06875
1 0.96015625 0.48203125 0.078125 0.28046875
2 0.040625 0.35546875 0.0265625 0.046875
0 0.19453125 0.2265625 0.0546875 0.090625
1 0.43203125 0.4625 0.09765625 0.31015625
1 0.54765625 0.47578125 0.1078125 0.40078125
1 0.03984375 0.48515625 0.0796875 0.31484375
1 0.19765625 0.49765625 0.2015625 0.6546875
3 0.95546875 0.56328125 0.0203125 0.0265625
3 0.51875 0.53125 0.02890625 0.02890625
3 0.009375 0.51953125 0.01875 0.02578125