0 0.83671875 0.30625 0.03828125 0.06875
1 0.9640625 0.48125 0.06875 0.3640625
0 0.96953125 0.33046875 0.0328125 0.05625
3 0.78046875 0.5125 0.0203125 0.025
3 0.68046875 0.553125 0.03046875 0.03984375
3 0.8234375 0.5796875 0.034375 0.03515625
3 0.44609375 0.66875 0.05625 0.06328125
1 0.78671875 0.45546875 0.0515625 0.290625
0 0.796875 0.3375 0.025 0.04375
1 0.48203125 0.553125 0.23125 0.7546875
1 0.7 0.48828125 0.1 0.39375
1 0.8375 0.49453125 0.12578125 0.44609375
0 0.47578125 0.2359375 0.06328125 0.11640625
0 0.7015625 0.3265625 0.03515625 0.06484375