0 0.421875 0.29444444444444445 0.0390625 0.08333333333333333
0 0.91875 0.375 0.028125 0.05277777777777778
0 0.38125 0.2833333333333333 0.0328125 0.075
1 0.58125 0.7222222222222222 0.0625 0.075
1 0.90625 0.5861111111111111 0.0296875 0.03888888888888889
2 0.353125 0.4527777777777778 0.084375 0.41944444444444445
2 0.1421875 0.5222222222222223 0.284375 0.9472222222222222
2 0.64375 0.5638888888888889 0.225 0.8055555555555556
0 0.15 0.13333333333333333 0.090625 0.16944444444444445
2 0.9125 0.5166666666666667 0.078125 0.34444444444444444
0 0.63125 0.2222222222222222 0.065625 0.13055555555555556
1 0.0390625 0.7138888888888889 0.0765625 0.09444444444444444
2 0.4140625 0.4888888888888889 0.1125 0.475