3 0.3711192512428543 0.47289742593756773 0.034704639784752266 0.042344630257724704
0 0.3364380744449993 0.7130753686106214 0.03899403349844608 0.06750840456798421
0 0.6478657260165759 0.7356618560590069 0.02896406203449331 0.05295458163720568
0 0.5154898736592111 0.7193264478729781 0.023912688998963993 0.04489642017181659
0 0.4321850680348585 0.7423711222286661 0.028891287427387446 0.051392081637205676
2 0.4461747934277526 0.7446706066248339 0.025766287427387447 0.051228307326946346
1 0.5236170508713507 0.6289061657608024 0.074760367244561 0.23304487336031982
1 0.6569946311028091 0.6069193803692665 0.113210745242489 0.32234639077317445
1 0.4446037930134679 0.5934389772716202 0.11979038502724126 0.36321705223856354
1 0.34358925661953776 0.5427219250330566 0.12931524234700492 0.4338571008590826
3 0.4644111788692788 0.5380897359780474 0.029653266749222952 0.034286468792335614