1 0.4303989032091879 0.863917919961944 0.7221427521477066 0.2721641600761121
1 0.40505042740790576 0.23166908304098666 0.33746677973732647 0.16187123619701663
2 0.3030408700809595 0.20412506178644838 0.05985967887824382 0.0414181788591925
1 0.5410852611928181 0.5365714417479548 0.74935370533621 0.3454848212151696
1 0.37795674016191894 0.39895474212851567 0.37060682835784553 0.16945824311709884
0 0.15219533808032554 0.851268022737413 0.13262879353213636 0.09115819368794006
0 0.2457041621427578 0.46372821345960363 0.12284435775648761 0.08296369171077381
1 0.43156749830251934 0.6186425010257642 0.5516797659425166 0.23296628068325945
3 0.7376127804146949 0.6272149822798649 0.08008364767057934 0.07030718281352524
3 0.5331288348009652 0.9841043804557981 0.0729328889641522 0.03179123908840396
0 0.23256899705932393 0.36184737847863163 0.06314845318850333 0.04467051285158128
3 0.4794627657153739 0.6548956774134987 0.04785100180902226 0.05028384288963732
3 0.4702593475797222 0.2561544298849567 0.034286468792335614 0.029462006920082294
2 0.22204201209732927 0.5477384575281045 0.09093926051544958 0.06919035178688589