1 0.11493802562880044 0.664612766297336 0.11713705634924092 0.27027905925034224
1 0.5486193003433798 0.53494536902941 0.1959809338392894 0.4816999440483629
0 0.567255259317178 0.7287037292168245 0.05142984882113648 0.07484688730530316
3 0.5638569811797386 0.4673941561764286 0.04403384288963732 0.04654003087881229
0 0.7106033527011071 0.6769329775674718 0.025156508897248565 0.04286946159934022
0 0.12004733688377622 0.7690274816575999 0.026719008897248563 0.042914925705962934
1 0.7018278719784788 0.5858904404204532 0.11423754942915884 0.23742109514371953
0 0.13661275437426218 0.7646438585380617 0.025156508897248565 0.04286946159934022
3 0.13012928551463218 0.6173513213910432 0.022830004942915892 0.024073997492717502
0 0.8094865216744678 0.6631312388502429 0.030098676882026255 0.04925585391920819
1 0.79702762543852 0.5667336119697811 0.11506522037968576 0.2577335951437195