2 0.4515625 0.26953125 0.03125 0.06015625
1 0.4515625 0.4328125 0.09375 0.38984375
1 0.2234375 0.3890625 0.08359375 0.2203125
3 0.4375 0.48671875 0.0296875 0.03203125
1 0.0515625 0.5390625 0.10234375 0.8765625
1 0.5328125 0.38125 0.065625 0.21171875
0 0.2265625 0.30078125 0.0203125 0.0390625
0 0.8390625 0.29375 0.01796875 0.03671875
0 0.52421875 0.2921875 0.015625 0.03046875
3 0.5109375 0.40703125 0.01640625 0.01875
0 0.828125 0.29609375 0.01953125 0.0390625
1 0.840625 0.396875 0.0734375 0.246875
3 0.8234375 0.43984375 0.0171875 0.025