3 0.10625 0.2777777777777778 0.0484375 0.09444444444444444
1 0.36875 0.5361111111111111 0.034375 0.03888888888888889
0 0.10625 0.2222222222222222 0.0484375 0.03888888888888889
2 0.1 0.45 0.13125 0.5083333333333333
2 0.39375 0.4666666666666667 0.1171875 0.48055555555555557
3 0.4015625 0.26666666666666666 0.0375 0.06944444444444445
1 0.075 0.5166666666666667 0.0390625 0.041666666666666664
1 0.5296875 0.5 0.0234375 0.027777777777777776
0 0.5390625 0.2916666666666667 0.028125 0.05
0 0.3484375 0.275 0.0296875 0.05555555555555555
2 0.5375 0.4222222222222222 0.0765625 0.31666666666666665