3 0.21015625 0.62890625 0.05078125 0.046875
1 0.28671875 0.5 0.21640625 0.7015625
1 0.90703125 0.48203125 0.1171875 0.35859375
1 0.65 0.50546875 0.1546875 0.61015625
1 0.7703125 0.47109375 0.084375 0.32890625
3 0.6265625 0.703125 0.04140625 0.0515625
0 0.778125 0.334375 0.02890625 0.05
3 0.90234375 0.54296875 0.02578125 0.03046875
0 0.26640625 0.209375 0.071875 0.11875
0 0.90703125 0.33359375 0.03203125 0.05546875
0 0.659375 0.26640625 0.0484375 0.1015625
3 0.7625 0.53125 0.0234375 0.028125
0 0.2984375 0.21328125 0.034375 0.10546875