0 0.05 0.24444444444444444 0.0328125 0.05555555555555555
1 0.5515625 0.3972222222222222 0.025 0.027777777777777776
2 0.04375 0.37777777777777777 0.0859375 0.325
2 0.4921875 0.33055555555555555 0.065625 0.25277777777777777
2 0.175 0.46944444444444444 0.209375 0.8361111111111111
2 0.3390625 0.34444444444444444 0.071875 0.2777777777777778
1 0.11875 0.6416666666666667 0.0609375 0.07222222222222222
0 0.5578125 0.18611111111111112 0.028125 0.05277777777777778
2 0.5640625 0.33055555555555555 0.0796875 0.34444444444444444
0 0.159375 0.11666666666666667 0.06875 0.125
0 0.3375 0.22777777777777777 0.0234375 0.044444444444444446
0 0.49375 0.22777777777777777 0.021875 0.041666666666666664