0 0.70625 0.3111111111111111 0.04375 0.07777777777777778
1 0.678125 0.5805555555555556 0.0359375 0.03611111111111111
2 0.83125 0.475 0.075 0.29444444444444445
2 0.696875 0.5027777777777778 0.1140625 0.4638888888888889
3 0.6078125 0.3138888888888889 0.04375 0.06944444444444445
1 0.81875 0.5194444444444445 0.021875 0.025
0 0.8328125 0.35 0.025 0.041666666666666664
1 0.5703125 0.5388888888888889 0.034375 0.030555555555555555
1 0.9609375 0.55 0.025 0.027777777777777776
1 0.5375 0.5222222222222223 0.0234375 0.022222222222222223
2 0.5453125 0.46944444444444444 0.059375 0.3194444444444444
2 0.6 0.4861111111111111 0.09375 0.41388888888888886
2 0.959375 0.49722222222222223 0.078125 0.34444444444444444
2 0.203125 0.5388888888888889 0.253125 0.8972222222222223
0 0.2125 0.16111111111111112 0.08125 0.1527777777777778
0 0.553125 0.33611111111111114 0.0265625 0.044444444444444446
1 0.128125 0.7833333333333333 0.071875 0.09166666666666666
0 0.9640625 0.35555555555555557 0.0328125 0.06111111111111111