1 0.3929993060550429 0.40186024639090273 0.36719406810944955 0.8037204927818055
1 0.8096237320575883 0.4054894405420132 0.2656486547580865 0.6794381525447919
0 0.42561454809831367 0.7145086031547914 0.08742836935072643 0.13012521751493047
3 0.596742471395588 0.44482861673815927 0.03799089600572696 0.043060322188333444
3 0.3072607060391346 0.2812077535153817 0.06982269867918127 0.0937876740119445
0 0.6147497734324954 0.7163581246219439 0.05247156667727211 0.07932513050895836
0 0.9968050113780889 0.6815758958047561 0.006389977243822287 0.09095230832062509
0 0.84792535276095 0.6749836697404507 0.0763090560152719 0.1142456443766667
3 0.8214504753739525 0.28018031601697846 0.05857611600890848 0.06697060087368065
1 0.5955168734086329 0.5409769181249301 0.18792145472627003 0.44331750816812504
1 0.9364653060152719 0.47198399667843677 0.12706938796945622 0.5405185100679862