0 0.63984375 0.26953125 0.0359375 0.06875
1 0.2125 0.55390625 0.1859375 0.76015625
1 0.3359375 0.471875 0.12578125 0.50390625
1 0.08125 0.49296875 0.13515625 0.675
0 0.09140625 0.20859375 0.05703125 0.10546875
3 0.0765625 0.64375 0.046875 0.05546875
0 0.1921875 0.23671875 0.06953125 0.121875
0 0.33046875 0.26328125 0.04453125 0.07578125
1 0.64375 0.44140625 0.18515625 0.41875
3 0.15390625 0.64375 0.06328125 0.06328125
3 0.30703125 0.54296875 0.0390625 0.04375
0 0.12578125 0.21796875 0.03203125 0.10078125