0 0.8428405859592754 0.9033501331226177 0.0803783672900508 0.12014095048646709
3 0.3250838967551051 0.54594415097623 0.03614657825883114 0.03656479139585791
1 0.4175032009116353 0.5841787621781599 0.2266645774732643 0.5585876160698987
1 0.2949514900410509 0.6042884849857616 0.18365894515609868 0.4172262305182393
1 0.6574969418364491 0.6057735239492826 0.3009020290722706 0.6973694724005647
1 0.8697135780624394 0.643429662343611 0.26057284387512103 0.6592694545436573
0 0.734233200420656 0.9029018940796665 0.06617951190385654 0.0964579886359143
3 0.7287492522394953 0.497487691157567 0.06446247579950323 0.06986821509696384
0 0.37428096261910027 0.8099560580382447 0.06458065046753828 0.09018071509696383
0 0.6122309353935413 0.8831542301177929 0.07727154800821019 0.12321140340856687
2 0.26310711328303016 0.7712674793037188 0.04257838544042354 0.06792388555165907
3 0.4522412943939729 0.5116901075517772 0.04872839149054773 0.05084547970746058
1 0.7726952158405542 0.6647064188364327 0.23150661357761776 0.5852319366867498
3 0.9634469599868216 0.5488654103150161 0.0628636143631848 0.06359094155801355