2 0.709375 0.3416666666666667 0.08125 0.37777777777777777
0 0.70625 0.18611111111111112 0.03125 0.05555555555555555
0 0.65 0.19722222222222222 0.0375 0.06666666666666667
0 0.428125 0.2222222222222222 0.025 0.05277777777777778
1 0.6328125 0.4444444444444444 0.034375 0.041666666666666664
0 0.3125 0.18611111111111112 0.0328125 0.06666666666666667
0 0.059375 0.18055555555555555 0.0359375 0.06666666666666667
2 0.303125 0.35 0.1015625 0.4
2 0.4265625 0.3416666666666667 0.0765625 0.2916666666666667
2 0.6484375 0.37777777777777777 0.096875 0.4361111111111111
2 0.05625 0.3541666666666667 0.1125 0.425