0 0.2578125 0.17777777777777778 0.03125 0.06944444444444445
0 0.490625 0.23055555555555557 0.0203125 0.03888888888888889
0 0.28125 0.18055555555555555 0.0265625 0.06388888888888888
1 0.3703125 0.425 0.0375 0.03888888888888889
1 0.6765625 0.4583333333333333 0.034375 0.03611111111111111
2 0.3953125 0.3638888888888889 0.1203125 0.45555555555555555
2 0.6859375 0.375 0.121875 0.4638888888888889
2 0.25625 0.3388888888888889 0.1078125 0.39444444444444443
2 0.4921875 0.325 0.065625 0.23055555555555557
0 0.390625 0.175 0.0421875 0.06944444444444445
0 0.7046875 0.18055555555555555 0.0359375 0.06944444444444445
0 0.6796875 0.18333333333333332 0.0265625 0.06388888888888888