1 0.83125 0.41015625 0.06484375 0.24609375
1 0.4359375 0.559375 0.203125 0.7390625
1 0.1953125 0.4609375 0.14453125 0.50859375
3 0.38984375 0.69375 0.05625 0.0640625
0 0.1921875 0.2484375 0.04453125 0.0765625
0 0.43125 0.24921875 0.0609375 0.11171875
3 0.1546875 0.5828125 0.04296875 0.046875
0 0.06875 0.28671875 0.0296875 0.06015625
1 0.26484375 0.40390625 0.06875 0.32578125
1 0.05625 0.41796875 0.09921875 0.3234375
0 0.47109375 0.2578125 0.028125 0.0625
0 0.27265625 0.26640625 0.02578125 0.05078125
0 0.8296875 0.30703125 0.02265625 0.0390625
3 0.81875 0.4390625 0.01875 0.01953125
0 0.24921875 0.28046875 0.0265625 0.05078125
0 0.4890625 0.25703125 0.01953125 0.05859375