2 0.09375 0.5277777777777778 0.0640625 0.26666666666666666
2 0.3234375 0.6194444444444445 0.2125 0.7527777777777778
0 0.325 0.3111111111111111 0.06875 0.1388888888888889
2 0.4453125 0.5166666666666667 0.0734375 0.2833333333333333
2 0.178125 0.6055555555555555 0.140625 0.5777777777777777
0 0.1828125 0.36666666666666664 0.05 0.09166666666666666
3 0.278125 0.35 0.0359375 0.06388888888888888
0 0.440625 0.4027777777777778 0.025 0.044444444444444446
0 0.103125 0.4222222222222222 0.0234375 0.05
1 0.1453125 0.7444444444444445 0.05 0.05555555555555555
1 0.4328125 0.5777777777777777 0.0234375 0.025