1 0.6224027809805218 0.40815656249588095 0.23846935775648745 0.08221603084255098
1 0.6121226209854707 0.2268929257264057 0.3371458751693421 0.1182819902574721
3 0.41919373530067894 0.04556328489974078 0.06265048620519006 0.06353639448011292
3 0.5653427120064721 0.7193747061652148 0.026228307326946164 0.023873876623205347
0 0.7968517458161285 0.1177202974783472 0.11890048620518989 0.06451824188232516
1 0.6268711957252714 0.28490997726853323 0.24562676051544957 0.06985239853730274
0 0.7224703007682256 0.292042413144504 0.04637703301668665 0.021103432629559826
0 0.7171387488683463 0.4137128616023764 0.043252033016686654 0.02104888555165907
0 0.7466990168470277 0.24797481330665977 0.056325243102595124 0.03220457386326192
0 0.7237693656699454 0.7338480835991993 0.05476274310259512 0.03217730032431163
1 0.5241545522385637 0.11217981493151288 0.6889341044771273 0.21808671590444756
1 0.6000862042045562 0.7270059740221224 0.311245116462915 0.10065811363426676