0 0.47445346530872834 0.17015788468993015 0.03337612133990895 0.04920121941479172
3 0.10505693328295687 0.368548018617361 0.06642497867599957 0.07027743882958344
3 0.49208476595322936 0.3329845398001732 0.03163180800445424 0.03353985182361115
1 0.17449782395768376 0.3115732796352778 0.3385043520846325 0.6231465592705556
1 0.5113620246260473 0.28723562870600655 0.16506466271481593 0.35843336189159736
1 0.574979081954184 0.3240258074676037 0.19248168539145177 0.43248911094166687
0 0.24016137599459117 0.03751622416444436 0.08217724801081767 0.07503244832888872
1 0.44208531329568357 0.2669789865135413 0.1326692387014529 0.25926851006798624
0 0.6159597126432284 0.15827286768808974 0.05243520401018138 0.07620013050895835
2 0.5520790259786829 0.1441389389264926 0.039735209341181486 0.05872168977951393
3 0.5508143286123661 0.387071321335312 0.03637385200509069 0.03833645459715278