3 0.13530775340729478 0.813497783975183 0.079823278868608 0.08368520401018138
1 0.08399702644953358 0.5934585513208187 0.16799405289906716 0.6287078973583625
1 0.17622966456841963 0.5767426713080921 0.35245932913683925 0.7635203440483614
0 0.33700165813250416 0.24590919995227495 0.059419773606936135 0.08188634667409059
0 0.003945505402846187 0.34907329933163644 0.007891010805692374 0.11122840133672707
1 0.44985943195120176 0.3859063966025029 0.192062757539572 0.3754192653564535
1 0.3867000083160308 0.4381688779440026 0.2762696995200072 0.5075601507001803
3 0.380177721554915 0.5233433092775479 0.04996917889684287 0.05367044000636341
3 0.00729213584098596 0.6878267166613639 0.01458427168197192 0.05345226400381797
0 0.25840695029646615 0.3085006539624563 0.03416216837349921 0.05036362667090888
2 0.12635331349299803 0.3506347046467282 0.07090330517696723 0.09138861600890866
1 0.2761188240869289 0.4199375932925019 0.14459695236260472 0.2843033693507264
0 0.4160444160250119 0.24264729260822993 0.04564569994353036 0.05986589600572696
0 0.08462781605324679 0.2761710539863188 0.08834841041040424 0.12282042934436319