0 0.528125 0.08125 0.01640625 0.03125
2 0.62734375 0.0796875 0.02578125 0.04609375
3 0.11328125 0.396875 0.04921875 0.046875
0 0.3734375 0.05078125 0.03984375 0.06953125
0 0.15703125 0.09765625 0.0578125 0.09921875
1 0.52109375 0.15703125 0.05390625 0.18515625
1 0.6328125 0.21875 0.08984375 0.32890625
3 0.3375 0.334375 0.03828125 0.04140625
1 0.37421875 0.24296875 0.12109375 0.459375
3 0.615625 0.26328125 0.02890625 0.034375
0 0.1734375 0.05546875 0.04765625 0.078125
1 0.17421875 0.3078125 0.18359375 0.58203125