2 0.7015625 0.5055555555555555 0.1234375 0.49444444444444446
0 0.7015625 0.3 0.04375 0.08055555555555556
0 0.859375 0.3527777777777778 0.0296875 0.04722222222222222
1 0.690625 0.5777777777777777 0.0359375 0.03888888888888889
0 0.275 0.3388888888888889 0.028125 0.05
3 0.365625 0.24444444444444444 0.0546875 0.09722222222222222
2 0.365625 0.5166666666666667 0.1953125 0.6472222222222223
2 0.8609375 0.4722222222222222 0.0828125 0.2916666666666667
2 0.25625 0.475 0.0828125 0.3277777777777778
1 0.303125 0.6055555555555555 0.04375 0.05277777777777778
1 0.846875 0.5222222222222223 0.0203125 0.022222222222222223