0 0.27817253180324925 0.592498772040089 0.06836956677218975 0.041406797342454026
0 0.24972223753009465 0.3616209420353166 0.050909282132453625 0.03183180267345422
0 0.2862434445770884 0.610567519374589 0.05077288981258565 0.027144302673454135
1 0.4482624082879997 0.7632850813971789 0.3036371285298145 0.12849081604072551
0 0.20511208267381434 0.2563789113621805 0.05715928213245362 0.03190452800763595
0 0.3290123031151501 0.779090800047725 0.050954746239076344 0.03339430267345413
0 0.2646318351810968 0.27895389270368015 0.04613085391920828 0.028652258672817864
1 0.3538534595542761 0.2745214787157705 0.23397784639736088 0.09644083736472578
0 0.2128025622198432 0.233804477363135 0.07466503087881238 0.04304202267663584
3 0.4831471883088822 0.5581526860677697 0.03372178213245362 0.03163180800445424
1 0.3573936481923628 0.2065709100493159 0.3877226235152495 0.17320442671863398
1 0.43085726260291934 0.5825527020607699 0.3826259465556454 0.15908738271799763
1 0.3643303068095668 0.34419817938413405 0.2942621285298145 0.12838172803945264
3 0.4869301031942925 0.7504492740690423 0.028897889812585474 0.026889764003817974