0 0.6515625 0.38055555555555554 0.025 0.04722222222222222
1 0.4640625 0.5944444444444444 0.03125 0.030555555555555555
1 0.1015625 0.7722222222222223 0.0609375 0.06666666666666667
1 0.5375 0.5805555555555556 0.0234375 0.027777777777777776
1 0.690625 0.5888888888888889 0.025 0.030555555555555555
1 0.6484375 0.5527777777777778 0.021875 0.025
0 0.54375 0.39444444444444443 0.0234375 0.044444444444444446
2 0.153125 0.6166666666666667 0.2015625 0.7444444444444445
2 0.4734375 0.5444444444444444 0.09375 0.39166666666666666
0 0.1265625 0.30833333333333335 0.0671875 0.12222222222222222
0 0.475 0.38055555555555554 0.034375 0.06111111111111111
2 0.54375 0.5166666666666667 0.0609375 0.28055555555555556
2 0.65625 0.49722222222222223 0.0625 0.2777777777777778
0 0.7484375 0.3861111111111111 0.0328125 0.058333333333333334
2 0.25625 0.525 0.0640625 0.225