3 0.13271571924514292 0.40290503733866806 0.02107639183263199 0.022229556006354477
2 0.3844022487340556 0.2384532049539895 0.03946429328391084 0.0569045649348082
0 0.12420879319909281 0.2664181124197459 0.026473219962933125 0.04262387662320544
3 0.41726184483570616 0.4377577297107559 0.02436508293962447 0.026971603084255235
0 0.4275074079898828 0.23379693263285514 0.03299603847458741 0.05054547077900677
3 0.3703496393007432 0.46199979910979094 0.0308333377489479 0.0333306972400564
3 0.761954263625362 0.7401467495995535 0.08241568511654282 0.07951595048646745
1 0.12281492958942919 0.37340845211132045 0.0919792019915838 0.263945497564368
1 0.42683030699409097 0.3649787487854793 0.09405262268015631 0.32332049756436804
0 0.7525446135248457 0.20470017330065962 0.09446430653075488 0.15624209172016937
1 0.3669543099893158 0.40272025649611704 0.12172624409436832 0.40031937418757335
1 0.7130331579050647 0.5536149602322905 0.3240328547936251 0.8723149253226639