1 0.5552178285725953 0.6765789395625234 0.41740677068745347 0.16521845236163307
3 0.38040709054746 0.8667589733443297 0.056795440006363315 0.048511707838416386
1 0.5506956026018666 0.4611585280423255 0.3968579133513629 0.1443149189755383
1 0.48385935455127804 0.8356333423072329 0.5537442600254534 0.20354882963780635
2 0.6855593092377771 0.6837201866595295 0.07074885200509069 0.03954588479802048
0 0.7125661572247323 0.7789955827403213 0.051907945337363516 0.03118781551854859
0 0.7346326085694136 0.6947880673009152 0.04414998933799978 0.03564799498543501
2 0.7146126519335031 0.46888479684694395 0.05506930800445424 0.03440374373179385
3 0.4831973779042317 0.6911702884671668 0.03789998933799978 0.035466138558944496
0 0.7087684478835508 0.8368990109535666 0.08495680267345414 0.05245506175762458
3 0.4896308332670484 0.4738691282006101 0.037881808004454245 0.033903638558944495
1 0.5644633698679606 0.955902726709542 0.46157384667409057 0.0680994114536908