1 0.57109375 0.5953125 0.21328125 0.7296875
1 0.20625 0.503125 0.14140625 0.58515625
0 0.58984375 0.29296875 0.06015625 0.10546875
3 0.39921875 0.50234375 0.02734375 0.034375
3 0.628125 0.69296875 0.05078125 0.07578125
0 0.42421875 0.2609375 0.03515625 0.0640625
3 0.0265625 0.484375 0.03515625 0.0390625
0 0.059375 0.2265625 0.04140625 0.075
0 0.2125 0.259375 0.05390625 0.09375
3 0.1765625 0.6109375 0.04375 0.0515625
1 0.4140625 0.41796875 0.1046875 0.38046875
1 0.0609375 0.4203125 0.121875 0.471875