1 0.4109375 0.40859375 0.07578125 0.33046875
1 0.28828125 0.4796875 0.15 0.60703125
0 0.2859375 0.23046875 0.053125 0.1015625
3 0.26015625 0.5640625 0.04140625 0.053125
0 0.41328125 0.27578125 0.02890625 0.05078125
3 0.3984375 0.48359375 0.025 0.03046875
1 0.203125 0.36796875 0.059375 0.26875
3 0.1921875 0.41171875 0.01953125 0.021875
0 0.38125 0.265625 0.0234375 0.04453125
2 0.20625 0.25546875 0.0203125 0.0390625
3 0.5015625 0.4484375 0.01796875 0.02578125
1 0.50390625 0.38203125 0.05546875 0.25703125
0 0.503125 0.28046875 0.025 0.04375