0 0.1828125 0.2296875 0.0421875 0.0890625
2 0.50078125 0.2984375 0.03671875 0.0734375
3 0.16953125 0.5453125 0.03984375 0.04453125
3 0.26484375 0.490625 0.02890625 0.03671875
2 0.15 0.23203125 0.03828125 0.075
0 0.2859375 0.2640625 0.03515625 0.06328125
1 0.178125 0.4484375 0.13515625 0.53984375
1 0.28984375 0.42578125 0.09453125 0.38828125
1 0.103125 0.384375 0.0734375 0.3890625
0 0.11015625 0.228125 0.0359375 0.06796875
3 0.08984375 0.4515625 0.02890625 0.03203125
1 0.4953125 0.44375 0.0734375 0.37578125