2 0.7442559754052287 0.19687509935132938 0.06297620435383636 0.10519842068857255
0 0.8856175853866952 0.22287958256110638 0.04140873920022692 0.06855159255827141
0 0.6877331568935745 0.18709830606741856 0.06204862141421188 0.07863592068857254
2 0.6972916953681618 0.23737112457907283 0.059851204353836354 0.10508929328391084
3 0.9138963859270003 0.4517139106914076 0.034231156260602094 0.041770837748947895
3 0.7400372783926044 0.5899976167745246 0.05994048439090349 0.06295635698624161
3 0.3764707969969259 0.4797644333872622 0.037410719962933034 0.04344246515360979
1 0.6990997651457604 0.490250587918584 0.28699910234655446 0.7107292019915838
1 0.3675744574338794 0.4037649285779389 0.13898815516429391 0.4496230324841376
1 0.8829985607919241 0.39367323219828665 0.1458730722246692 0.42333335099579184
0 0.36275300426116924 0.2210069922802697 0.04642362141421197 0.07809028366526397