1 0.1578125 0.53984375 0.0953125 0.27734375
0 0.5609375 0.434375 0.02421875 0.04296875
0 0.14765625 0.42578125 0.02421875 0.04921875
0 0.35390625 0.4375 0.025 0.05234375
3 0.546875 0.5984375 0.02265625 0.02734375
2 0.6984375 0.45 0.021875 0.0390625
3 0.6796875 0.60703125 0.02109375 0.02734375
1 0.55390625 0.55546875 0.06953125 0.2890625
1 0.45 0.578125 0.0984375 0.40703125
1 0.69453125 0.56640625 0.0734375 0.27734375
1 0.3484375 0.54921875 0.07890625 0.27890625
0 0.4515625 0.4109375 0.03359375 0.06953125
3 0.43671875 0.665625 0.03125 0.03671875