3 0.2953125 0.25833333333333336 0.0265625 0.05277777777777778
1 0.1359375 0.5666666666666667 0.0390625 0.05
2 0.0984375 0.3972222222222222 0.078125 0.375
2 0.3109375 0.3888888888888889 0.096875 0.3194444444444444
1 0.2953125 0.44722222222222224 0.025 0.027777777777777776
1 0.0796875 0.46111111111111114 0.028125 0.03333333333333333
2 0.1765625 0.45 0.140625 0.5416666666666666
0 0.3140625 0.25555555555555554 0.025 0.04722222222222222
0 0.1109375 0.24166666666666667 0.0328125 0.06111111111111111
0 0.2046875 0.24166666666666667 0.0203125 0.05
0 0.1796875 0.2222222222222222 0.0453125 0.08055555555555556