1 0.5369610182361113 0.3279123321450889 0.35517203647222273 0.6349111752437444
1 0.7782367156150696 0.16161269688484986 0.14397343123013914 0.28212584138279595
1 0.6147742808695488 0.18262021568946832 0.1526587534184724 0.31985316191590935
2 0.4781983883927431 0.050608034573229085 0.07202177678548623 0.07548338479802066
1 0.18334505575517385 0.29654369404836295 0.24408514684520863 0.42400711599340213
3 0.49446635334222255 0.41411660510634246 0.06246493882958344 0.06739810015828454
0 0.7426239110941667 0.04034545064577354 0.03837282218833345 0.038591138558944346
0 0.5830131749618751 0.05912287971694872 0.03884560087368065 0.05890363855894436
0 0.177091789703264 0.12850674788842892 0.04527743882958335 0.06689799498543508
3 0.7734953174386806 0.19270357251167045 0.02881598423243048 0.030505853919208282
3 0.6081982789696877 0.23551789515635493 0.03037848423243066 0.030551318025830908
0 0.15083841422829872 0.14101510807584336 0.048511541603125076 0.07167642319868044