2 0.1078125 0.5305555555555556 0.1125 0.41944444444444445
2 0.278125 0.5305555555555556 0.115625 0.5027777777777778
2 0.440625 0.5444444444444444 0.08125 0.3861111111111111
1 0.4296875 0.6083333333333333 0.0296875 0.03611111111111111
2 0.3703125 0.5055555555555555 0.075 0.3388888888888889
1 0.0859375 0.5833333333333334 0.03125 0.03333333333333333
0 0.278125 0.3333333333333333 0.0421875 0.07777777777777778
0 0.371875 0.36666666666666664 0.028125 0.05555555555555555
0 0.1046875 0.3527777777777778 0.034375 0.058333333333333334
0 0.4390625 0.3861111111111111 0.0328125 0.06388888888888888
1 0.36875 0.5861111111111111 0.0234375 0.030555555555555555
1 0.2578125 0.6333333333333333 0.034375 0.03888888888888889