3 0.7544731076201036 0.7701155186716044 0.06373649810013901 0.05494356426490725
1 0.619230511114826 0.5347737490755632 0.46693684612402786 0.20408237556031353
3 0.7715944045415621 0.43757580331134055 0.04622168977951393 0.040380959092057724
1 0.6566240211828122 0.4060864594212622 0.43281641926229175 0.21401966521461463
1 0.5913931857923606 0.6895378054229117 0.6283120636389586 0.2946572144358271
0 0.34197245440972157 0.7917294765765279 0.06973192496187508 0.044187920691397944
3 0.6784775713353121 0.5755866171805364 0.041570557370694414 0.04180706677218975
1 0.48873769842579795 0.8343070846523715 0.3914640674386807 0.1815875984424249
0 0.3480620663013189 0.630860172736462 0.10781380642076392 0.07027905925034225
0 0.4911996961446873 0.35905703206594664 0.07143989532659738 0.050483384798020656
0 0.4396527670987497 0.4912413947606435 0.08245013050895836 0.0539266335443795