1 0.8916745912635488 0.5297311481269703 0.11570100938890633 0.41131142126547415
3 0.8952279472867748 0.35866467166592064 0.0382454346753633 0.0647170649348082
2 0.8114507419239579 0.5744339476405029 0.026907945337363515 0.030151150162155815
1 0.3069910559357302 0.478892207790068 0.12502146538827025 0.40678756249917625
0 0.3221995272915474 0.3134990328711459 0.03508407200827239 0.06153751785690744
2 0.2829081185948669 0.5339518547058129 0.03319430800445433 0.033385244317956975
3 0.8310836312858203 0.3645777065689567 0.031922709341181486 0.05835797077900686
3 0.9261688646165023 0.3857726424449274 0.028634077339272323 0.044240923701106105
3 0.8496154552832749 0.38365498903636086 0.0222568080044546 0.03319432954530477
3 0.8504967026177749 0.375074875805836 0.025563621339908593 0.048873876623205435
2 0.8658655219207763 0.5988260215037648 0.031686352005090866 0.038045470779006864
1 0.8175831105983666 0.5174981550268292 0.10122033871736136 0.3751284594149211