2 0.6484375 0.3277777777777778 0.0703125 0.31666666666666665
1 0.725 0.40555555555555556 0.0265625 0.030555555555555555
0 0.6453125 0.19444444444444445 0.025 0.044444444444444446
3 0.5703125 0.18055555555555555 0.046875 0.08333333333333333
1 0.540625 0.5 0.0484375 0.04722222222222222
0 0.7375 0.19444444444444445 0.03125 0.05555555555555555
0 0.3390625 0.17222222222222222 0.05625 0.09166666666666666
1 0.303125 0.5694444444444444 0.04375 0.05277777777777778
2 0.7328125 0.3416666666666667 0.0765625 0.35555555555555557
2 0.3515625 0.40555555555555556 0.1796875 0.5694444444444444
2 0.5703125 0.4361111111111111 0.153125 0.5972222222222222
0 0.6234375 0.20833333333333334 0.025 0.06388888888888888