1 0.4576340259307544 0.4011313488583174 0.0887061134861197 0.2595606838021084
1 0.6014833143314142 0.43045804600629867 0.12491639812585582 0.2704000247145794
3 0.820826696226441 0.49962317596780503 0.020903533386094963 0.021140170950527094
0 0.30296456096620195 0.23291856524648952 0.07560305674305985 0.131053681824942
1 0.8372927821989606 0.47135359592974896 0.09348454169936496 0.2628766847906915
0 0.09752690320692772 0.2503594387450242 0.03927310015828458 0.06246550790866543
3 0.23742785985821002 0.6573163873758803 0.05963106426490725 0.06485567885919252
0 0.8466570735026142 0.36457701391452657 0.02613660266556721 0.040081171939110226
0 0.6155805697416905 0.32230996497965936 0.02622753087881229 0.04320617193911023
0 0.46842442491454006 0.2991059338392894 0.02480142319868044 0.04783000494291585
3 0.5939375872926679 0.4747346280215211 0.02099446159934022 0.024265170950527094
1 0.0808669374509524 0.39281885277546913 0.14161581630997128 0.36159802768032884
1 0.2908975038274307 0.5132281477560036 0.2423338479802065 0.7121657134596037