1 0.5182540145127883 0.3201710272977022 0.5564583642426358 0.25523138709415594
1 0.4584326143274538 0.534237835403254 0.4673760168750409 0.20584350909622806
1 0.5012897146054555 0.215320861458102 0.46107145317271014 0.20398991066780442
1 0.508541675497896 0.058165602771649616 0.3764583509957919 0.11633120554329923
0 0.3024454760382009 0.2801411484712047 0.09426092068857254 0.06366870181924558
0 0.2742560217691824 0.5036899644346393 0.07981647477225655 0.05207623035529281
2 0.3148512176006804 0.18722590240014608 0.06720734736759484 0.04836903349844599
3 0.5278820187739576 0.5286556153870434 0.04673115626060227 0.042735463606069855
3 0.6698710782151192 0.31467439040843403 0.05637897477225664 0.050984611248705035
3 0.5806771142426358 0.20301560649570324 0.04673115626060227 0.042735463606069855
0 0.3627827421954517 0.018158109905661437 0.07022321996293313 0.036316219811322874
1 0.48665924101432534 0.08766889640429007 0.26938989546082903 0.12018418320799576