3 0.33125 0.2833333333333333 0.0234375 0.041666666666666664
2 0.4609375 0.4111111111111111 0.1453125 0.5222222222222223
2 0.9046875 0.41388888888888886 0.1875 0.5833333333333334
2 0.253125 0.36666666666666664 0.0734375 0.2916666666666667
0 0.921875 0.17222222222222222 0.05 0.09722222222222222
2 0.3328125 0.34444444444444444 0.0734375 0.25833333333333336
0 0.2546875 0.24722222222222223 0.025 0.04722222222222222
3 0.45625 0.23055555555555557 0.04375 0.06666666666666667
0 0.4578125 0.18888888888888888 0.046875 0.06666666666666667
1 0.44375 0.48055555555555557 0.040625 0.04722222222222222
3 0.3296875 0.2388888888888889 0.0203125 0.041666666666666664