2 0.61015625 0.18203125 0.0296875 0.05625
0 0.3265625 0.13515625 0.0578125 0.07421875
3 0.446875 0.409375 0.0296875 0.03125
3 0.60546875 0.39453125 0.02578125 0.034375
1 0.45390625 0.35546875 0.09453125 0.37578125
1 0.1984375 0.39296875 0.11640625 0.465625
1 0.33359375 0.40703125 0.1609375 0.63046875
1 0.61484375 0.33125 0.0828125 0.35859375
3 0.3171875 0.51875 0.04765625 0.05546875
0 0.2015625 0.20546875 0.04140625 0.08203125
0 0.45078125 0.19609375 0.034375 0.05859375
2 0.321875 0.18671875 0.0546875 0.08125