0 0.1390625 0.3277777777777778 0.0421875 0.075
2 0.3359375 0.475 0.0734375 0.2916666666666667
0 0.425 0.35555555555555557 0.0375 0.07222222222222222
0 0.534375 0.36666666666666664 0.028125 0.05555555555555555
1 0.3296875 0.5277777777777778 0.0234375 0.025
1 0.41875 0.6694444444444444 0.0375 0.044444444444444446
1 0.5296875 0.6333333333333333 0.0265625 0.03611111111111111
0 0.340625 0.3527777777777778 0.025 0.044444444444444446
1 0.1171875 0.6083333333333333 0.034375 0.03611111111111111
2 0.53125 0.5138888888888888 0.084375 0.35555555555555557
2 0.425 0.5555555555555556 0.1234375 0.48055555555555557
2 0.146875 0.5333333333333333 0.134375 0.49722222222222223