1 0.459000640634956 0.22553441924017453 0.4252919960216353 0.16676612905554214
1 0.43147452995704744 0.3088105694023303 0.3059965560152721 0.11781834009531629
1 0.49802458859804866 0.49667303368851534 0.5885919746976349 0.23835257710637753
0 0.2908500772995016 0.2440913246773361 0.07554544000636332 0.04818412986961631
3 0.47746992464990984 0.1150781603117208 0.028379538669636162 0.022365923701106107
2 0.30629271662159296 0.3266174525183575 0.04729317067154524 0.036755706168510205
3 0.49001373595641107 0.31247531169169257 0.028415901336727067 0.025490923701106106
3 0.5987149319303213 0.5027263904262185 0.05370680267345414 0.05092730032431163
1 0.40648526265118257 0.10694410633396127 0.30454314401654475 0.12716606655636595
0 0.2859545866486372 0.12779416883313743 0.05668635200509069 0.03848184740221221
3 0.5230813219685014 0.2228537041432106 0.042605670671545325 0.03667388555165916
0 0.2585984619271397 0.5320958851479174 0.0929329346753632 0.06567163879807011