1 0.2038143125268706 0.5885019608924404 0.07889071913101979 0.2554166754978958
0 0.6981518899802049 0.7019468357652133 0.049734406377006476 0.08595734736759475
3 0.7091491864530173 0.43388631652791965 0.03782090456798422 0.037192465153609786
2 0.7324892684289074 0.6850941524627692 0.041266809135968606 0.07318452885594055
3 0.45942914744343677 0.47782732260318755 0.033051517412854635 0.03546627404661713
0 0.34753441429046433 0.7173213869384906 0.03058161465389251 0.04785714664195524
3 0.3578124157608024 0.5400768406593548 0.02655585594746528 0.030560519237293703
0 0.4735580037295863 0.732487540752022 0.03888543758467104 0.05750496515360979
0 0.21082230834299906 0.6923536471901096 0.025566566033373574 0.04144345553496294
0 0.4843793170494264 0.7000197811333753 0.03608798620519007 0.0636458377489479
3 0.2123328194242755 0.5568972968272898 0.019732645861557076 0.01940476442797028
1 0.3392162239922598 0.5884697006408214 0.1116080438708206 0.3142658858421822
1 0.45682312584671064 0.547576827412511 0.14283146766068175 0.43388890507947586
1 0.6873804070543752 0.5113491176163788 0.16996053369405537 0.47538692431676954