1 0.62734375 0.38359375 0.05859375 0.246875
3 0.853125 0.43828125 0.01875 0.021875
1 0.20390625 0.39140625 0.14296875 0.33671875
0 0.190625 0.253125 0.0296875 0.053125
3 0.6234375 0.41953125 0.01796875 0.0203125
0 0.28359375 0.30078125 0.01875 0.0390625
3 0.15078125 0.4484375 0.02265625 0.02421875
1 0.85703125 0.39296875 0.06484375 0.25390625
0 0.859375 0.2859375 0.01796875 0.0359375
0 0.86953125 0.28671875 0.01796875 0.03671875
1 0.28359375 0.38671875 0.0671875 0.21171875
0 0.628125 0.28046875 0.02265625 0.0390625