3 0.553125 0.36875 0.028125 0.02890625
1 0.740625 0.303125 0.0671875 0.28046875
3 0.04375 0.61796875 0.07265625 0.07890625
3 0.73125 0.35546875 0.021875 0.02578125
0 0.5734375 0.159375 0.028125 0.05
3 0.39921875 0.3640625 0.02265625 0.0265625
0 0.74609375 0.18203125 0.0234375 0.040625
0 0.12578125 0.0734375 0.1 0.146875
2 0.4171875 0.178125 0.02578125 0.04375
1 0.42265625 0.30625 0.078125 0.30703125
1 0.11875 0.43359375 0.2375 0.8671875
2 0.74921875 0.22578125 0.025 0.04921875
1 0.56953125 0.30546875 0.07890625 0.35