1 0.2277878935236454 0.5207595846992257 0.17359342173083378 0.5456226773551809
1 0.461871299583819 0.5695896253978152 0.11116223765090308 0.3465124680139994
1 0.5887968222852425 0.589040154081769 0.09317465064493077 0.31193747334499944
3 0.44991746666190935 0.512403834062679 0.028852351823611143 0.031577264003817974
3 0.5883980852030204 0.5390219727482235 0.022456881458888845 0.025254538669636162
0 0.24319076871427026 0.7319334420353165 0.04720361474138901 0.08177725867281786
0 0.2108503941892355 0.7448419746976349 0.04400587955902786 0.07861589600572697
3 0.1883643304533677 0.40151868869349877 0.046476262917777865 0.05052725867281786
1 0.8428667264455552 0.5849633707829037 0.18986781268902808 0.305252216024817
2 0.4555823191511106 0.7054907627307243 0.030923998100139016 0.05347044533736352
0 0.5838164219246522 0.7022941320814509 0.027653527735416718 0.04718408267027243
0 0.8369232381290619 0.7060207581158128 0.030887630508958354 0.051907945337363516
0 0.5942629594437147 0.723515151416269 0.025945557370694417 0.04091590133672725
0 0.4654839960128466 0.7165464413987698 0.029361498100139015 0.05345226400381797