1 0.95390625 0.62421875 0.09140625 0.7203125
3 0.77734375 0.59609375 0.0328125 0.03828125
0 0.4421875 0.31640625 0.03515625 0.07578125
3 0.93125 0.584375 0.02578125 0.03203125
0 0.896875 0.3640625 0.025 0.04453125
0 0.790625 0.33046875 0.04140625 0.06875
1 0.78828125 0.528125 0.11328125 0.46640625
3 0.98359375 0.75625 0.0296875 0.05859375
1 0.93203125 0.503125 0.0703125 0.35859375
0 0.66640625 0.36640625 0.01875 0.0390625
1 0.66328125 0.45546875 0.05625 0.21875
1 0.578125 0.46796875 0.0765625 0.28828125
0 0.58828125 0.3515625 0.025 0.05390625
0 0.9359375 0.3515625 0.02890625 0.05390625