2 0.1125 0.5611111111111111 0.1609375 0.6444444444444445
2 0.36875 0.5861111111111111 0.18125 0.6472222222222223
1 0.078125 0.6555555555555556 0.04375 0.05277777777777778
0 0.3734375 0.31666666666666665 0.053125 0.1
0 0.2390625 0.3111111111111111 0.0453125 0.08055555555555556
2 0.240625 0.5277777777777778 0.1171875 0.525
1 0.2125 0.6027777777777777 0.0375 0.03888888888888889
1 0.3453125 0.7361111111111112 0.0453125 0.06111111111111111
2 0.475 0.5 0.06875 0.3138888888888889
0 0.346875 0.31666666666666665 0.0359375 0.1
0 0.11875 0.28888888888888886 0.053125 0.08888888888888889
1 0.46875 0.6 0.025 0.030555555555555555
0 0.475 0.36944444444444446 0.028125 0.05555555555555555