1 0.5270992520361648 0.3805253756778662 0.11482157507848498 0.28339428298109554
1 0.09631840004542852 0.5669925781606353 0.19263680009085704 0.7933601563212707
1 0.6502468249669434 0.3718639688656162 0.13397436680159913 0.32099427693097127
1 0.8342090671650272 0.36590083605747126 0.10273765490666867 0.26145565046753816
1 0.2596727346233104 0.4133550146343312 0.1221427521477066 0.2740647347764936
0 0.5206589015157665 0.26482765280522924 0.028937227498762753 0.04546703610435347
0 0.2614576419048281 0.30473853873663215 0.029101001809022264 0.048592036104353475
0 0.6469281524202778 0.24133613153159866 0.033952276119281775 0.0517443071815924
3 0.517406669494448 0.43126571906200795 0.02639208163720568 0.026707945745273777
0 0.019100802804390506 0.2602971505657341 0.03820160560878101 0.12996930113146818
0 0.00795858491656613 0.27117101805217675 0.01591716983313226 0.13609203610435347
0 0.830525224446545 0.25725254390299357 0.027047178878243726 0.039207945745273864
3 0.6512936685899369 0.4562707851223948 0.02655585594746519 0.029832945745273776
3 0.8224560176399972 0.3963104987234537 0.02145892017181623 0.02199317466803503