1 0.440625 0.41944444444444445 0.03125 0.03333333333333333
1 0.271875 0.5472222222222223 0.0515625 0.06388888888888888
3 0.278125 0.19444444444444445 0.065625 0.11388888888888889
0 0.2796875 0.12222222222222222 0.0640625 0.075
2 0.1890625 0.3888888888888889 0.096875 0.45555555555555555
0 0.2 0.20555555555555555 0.0390625 0.08055555555555556
0 0.4421875 0.19722222222222222 0.0328125 0.06111111111111111
2 0.603125 0.3333333333333333 0.084375 0.37222222222222223
2 0.290625 0.42777777777777776 0.178125 0.675
2 0.44375 0.3611111111111111 0.103125 0.39166666666666666
1 0.59375 0.4027777777777778 0.028125 0.03333333333333333
3 0.596875 0.18055555555555555 0.0296875 0.058333333333333334