3 0.6013666676186167 0.755944170592602 0.033276150162155814 0.02809076674922295
1 0.6012237605533068 0.22660127294996682 0.7775206225627205 0.3593881559102935
1 0.5310616704579905 0.5282686267550737 0.3908898271096728 0.12280837716935852
0 0.37075541599376366 0.5294029795267233 0.0662795649348082 0.04055653349844608
2 0.29320275487126396 0.17941578804655997 0.14826595048646726 0.08652831306795061
0 0.3039396574690517 0.2362115975998539 0.1653989034085667 0.08420383374611502
3 0.6116667881527422 0.5242040190210254 0.033276150162155814 0.02809076674922295
3 0.9039862962671219 0.17189677212139728 0.08878185633066593 0.07751287799792803
1 0.5598104131543898 0.7626093935042967 0.3502921006486231 0.12247873738460627
1 0.5392951359619916 0.6388979117012618 0.3516909594149211 0.11317651199171194
0 0.39631274919251636 0.6330202851510759 0.06153751785690744 0.03721320967712849
0 0.4183905263849147 0.7568045415612167 0.06153751785690744 0.03721320967712849