2 0.40625 0.5 0.159375 0.5277777777777778
0 0.4078125 0.26666666666666666 0.0421875 0.05277777777777778
3 0.425 0.2972222222222222 0.0375 0.08055555555555556
0 0.8375 0.3388888888888889 0.028125 0.04722222222222222
0 0.53125 0.3138888888888889 0.0328125 0.058333333333333334
1 0.9640625 0.55 0.025 0.027777777777777776
0 0.5625 0.32222222222222224 0.03125 0.058333333333333334
1 0.8203125 0.5305555555555556 0.0203125 0.025
0 0.9765625 0.35555555555555557 0.0328125 0.06944444444444445
1 0.365625 0.6083333333333333 0.040625 0.044444444444444446
1 0.5375 0.5361111111111111 0.028125 0.030555555555555555
2 0.9671875 0.49444444444444446 0.0640625 0.3416666666666667
2 0.553125 0.4722222222222222 0.1078125 0.37777777777777777
2 0.83125 0.46944444444444444 0.0703125 0.30833333333333335