1 0.28303593527213916 0.4356730698785608 0.1967339280712695 0.5349902329258297
0 0.31162620130491037 0.19291568181891988 0.03186816534054513 0.05476274310259503
1 0.817166581954184 0.29446829997931545 0.1960612187300878 0.4771777329258297
2 0.7016881273074558 0.1537348366140468 0.028724984006999677 0.05303646879233552
1 0.7281768072883658 0.2928858678217113 0.14678737738699751 0.4027642311168075
1 0.7897591972867748 0.3013700751940861 0.25400098806490606 0.49114505766563055
3 0.34490922660727547 0.4191572772509355 0.030087489337999783 0.03593085594746519
0 0.7261432346435465 0.1321530857095356 0.039807934675363296 0.0661096788782438
3 0.3108603959261852 0.5271269075086604 0.044349984006999674 0.053855340343633
0 0.7825659573122283 0.11436139812486457 0.052544292011454094 0.08707727611928179
1 0.33265522195259306 0.3315720680695385 0.1102680747135433 0.35088082654882313