1 0.37428356380268885 0.3738978399506841 0.29159176959604133 0.1439703653723618
1 0.4721410199252457 0.7557012759389119 0.2741769490629279 0.13595787070336202
0 0.27342942062489095 0.5337188299650016 0.10673338479802066 0.0715306493475449
0 0.32415449782192196 0.6386330492918656 0.04778428213245363 0.031795440006363404
3 0.6103240153728992 0.48212632125241284 0.06427310015828454 0.06166475334181776
0 0.3695615892047179 0.7756512439529113 0.04778428213245363 0.031795440006363404
3 0.4622011009497074 0.36037059460536647 0.03363085391920819 0.02850680800445433
0 0.26469561513547235 0.394710873965638 0.05582410266556703 0.039698846674090585
0 0.37322614680570754 0.740440449952275 0.04139788981258556 0.027035214672181597
0 0.3996642778428045 0.8432927299490933 0.04130696159934022 0.023910214672181594
1 0.4305719823825157 0.6162938779440026 0.2787735208496826 0.13288741470399829
1 0.516877892253361 0.46680186059836676 0.6410869674053281 0.2917384400859051
1 0.49617556498982307 0.8296654872692756 0.25918844655564544 0.15765105736790738