2 0.709375 0.2777777777777778 0.08125 0.3472222222222222
1 0.7 0.35555555555555557 0.028125 0.03333333333333333
1 0.75625 0.3111111111111111 0.021875 0.027777777777777776
2 0.134375 0.37222222222222223 0.2359375 0.7416666666666667
2 0.4875 0.26666666666666666 0.084375 0.325
2 0.3078125 0.29444444444444445 0.1296875 0.48333333333333334
1 0.078125 0.5555555555555556 0.0609375 0.06666666666666667
0 0.10625 0.07222222222222222 0.0671875 0.11666666666666667
0 0.3 0.08888888888888889 0.0421875 0.07222222222222222
2 0.76875 0.26666666666666666 0.05625 0.2722222222222222
0 0.484375 0.13333333333333333 0.0265625 0.05277777777777778
0 0.715625 0.13333333333333333 0.028125 0.058333333333333334
1 0.26875 0.3611111111111111 0.034375 0.03888888888888889
0 0.1453125 0.05555555555555555 0.046875 0.10833333333333334
0 0.240625 0.14444444444444443 0.03125 0.05555555555555555
0 0.765625 0.15833333333333333 0.0234375 0.041666666666666664
0 0.3359375 0.13055555555555556 0.0296875 0.058333333333333334