3 0.3517653602270239 0.5091906803048862 0.04371550790866543 0.03921900889724857
3 0.26977119129084426 0.8975448675670357 0.05334517589344294 0.04585101087441501
3 0.3364507194282837 0.6326746012554133 0.03877333992388783 0.03277800790866543
3 0.3499389219762913 0.40675142981059464 0.03558467292769345 0.031088173916276673
1 0.4202673039149641 0.6347371669590134 0.3763608646384672 0.1635265780980708
1 0.3409458543327059 0.8774286857420937 0.5339770464634092 0.24170461072131566
1 0.41592336072131547 0.5089240834609161 0.39849053262324474 0.17066791604479228
1 0.44635100695726326 0.41064840954463955 0.3348445266917457 0.13999623619701662
0 0.5681928093521715 0.6545337193167405 0.06578150889724857 0.044797846843970035
2 0.5113021166899957 0.9291782336511965 0.07209517589344294 0.046615014828747546
0 0.5586400317090237 0.9194238902672677 0.07553851087441502 0.0545548488211363
0 0.5695722841433006 0.534747801331963 0.06259284190105419 0.04310801285158128
0 0.5777747619001792 0.4287697153624078 0.06246550790866543 0.039983012851581276
1 0.43793762357289684 0.5690657460084863 0.3183281887450242 0.11748456623507267
0 0.5675760440291324 0.5817819688224489 0.04508700692008212 0.034595175893442943
3 0.38637512357289683 0.5711667568829012 0.03383117193911023 0.026337006920082295