1 0.6643648138007958 0.730984322137809 0.2732411818249421 0.08604147783744712
1 0.39614412403000737 0.21331770804974334 0.7899962361970166 0.3703854160994867
0 0.7444423611784261 0.17076387437637264 0.08102450692008212 0.03698874491161734
1 0.5084146082498576 0.5388300424004825 0.6271248685927999 0.19969670058651162
0 0.7326135232317046 0.1483156642904644 0.09416117688202626 0.05326884215265535
0 0.7775823968046014 0.735358640884716 0.04164367193911023 0.027129066033373662
3 0.4149856018240669 0.5035299502478272 0.05509867688202621 0.05122166327441171
2 0.7066651299615063 0.2576563647654342 0.13880251482874756 0.07743668249628843
3 0.19622503707186906 0.18568959577069996 0.09517984882113639 0.07826884215265535
3 0.6247929778312407 0.7164371432595653 0.024265170950527094 0.021540807326946167
0 0.7671847717860109 0.5375795601520214 0.094288510874415 0.056393842152655436