0 0.3375 0.3861111111111111 0.0625 0.1111111111111111
0 0.059375 0.3888888888888889 0.05 0.09166666666666666
0 0.5984375 0.4444444444444444 0.034375 0.05555555555555555
3 0.4703125 0.4444444444444444 0.0375 0.06944444444444445
0 0.434375 0.42777777777777776 0.0359375 0.06666666666666667
1 0.5890625 0.6444444444444445 0.0234375 0.030555555555555555
1 0.2 0.7361111111111112 0.0453125 0.05
2 0.59375 0.5722222222222222 0.08125 0.33055555555555555
2 0.48125 0.6555555555555556 0.134375 0.5111111111111111
1 0.3234375 0.8444444444444444 0.0546875 0.06944444444444445
2 0.2203125 0.6388888888888888 0.1375 0.6166666666666667
0 0.2234375 0.38333333333333336 0.05625 0.09444444444444444
2 0.0703125 0.6305555555555555 0.140625 0.5888888888888889
0 0.5171875 0.4305555555555556 0.03125 0.05555555555555555
2 0.35625 0.6583333333333333 0.1875 0.6638888888888889