0 0.9782054295886405 0.8438169675260052 0.04358914082271888 0.03837275324641069
0 0.9778019381703945 0.7347556132239342 0.04439612365921093 0.056023903408566514
0 0.7773138248547748 0.11348676501094312 0.04996576674922295 0.03365797970746054
0 0.8814920184018529 0.389301017039538 0.08386988585581108 0.057668224025417734
0 0.8482920665826071 0.29660895656895675 0.053381865177646405 0.03996252678536116
1 0.5850814371369373 0.7170406387947749 0.8298371257261256 0.4289538522668856
1 0.710393960296301 0.31918161160237646 0.35066358767505645 0.15443767856907478
1 0.6904154081866052 0.42655773497917104 0.49790676881613755 0.23194684415250605
1 0.670175566996892 0.1428412540538945 0.28841614474715094 0.12524901055001153
3 0.6123095630679506 0.15744349634325674 0.034049668320799496 0.027135244317957153
3 0.5827506114535927 0.4613673372526472 0.05530823821317572 0.04780230032431163
3 0.6678083540099947 0.34341795251176693 0.03739299214211709 0.03187729139585782
1 0.8410403966069232 0.8744475844099782 0.31791920678615354 0.18102745210802523
1 0.7823438889561828 0.7883776708551418 0.43531222208763437 0.18940478814615175