1 0.09375 0.4734375 0.1875 0.675
1 0.74921875 0.34296875 0.08359375 0.31484375
2 0.75078125 0.240625 0.02734375 0.0515625
1 0.4828125 0.5203125 0.16953125 0.70546875
1 0.578125 0.3421875 0.08203125 0.34921875
0 0.078125 0.19609375 0.06171875 0.115625
0 0.4828125 0.22578125 0.05546875 0.109375
1 0.37578125 0.428125 0.10234375 0.52578125
3 0.44296875 0.7234375 0.05390625 0.06640625
3 0.02578125 0.58671875 0.0515625 0.06015625
0 0.57890625 0.196875 0.03203125 0.05546875
3 0.3515625 0.48046875 0.04140625 0.03828125
3 0.740625 0.40859375 0.02265625 0.02890625
2 0.39375 0.215625 0.04921875 0.078125