0 0.8015625 0.37222222222222223 0.025 0.05277777777777778
2 0.0703125 0.5222222222222223 0.1375 0.5222222222222223
2 0.484375 0.625 0.209375 0.7416666666666667
0 0.0703125 0.3055555555555556 0.0453125 0.08611111111111111
2 0.784375 0.48333333333333334 0.0984375 0.2833333333333333
2 0.3828125 0.49444444444444446 0.0734375 0.2916666666666667
3 0.503125 0.32222222222222224 0.053125 0.1111111111111111
0 0.3828125 0.36944444444444446 0.025 0.041666666666666664
1 0.05 0.6111111111111112 0.0390625 0.044444444444444446
1 0.371875 0.5388888888888889 0.021875 0.025
3 0.4875 0.4444444444444444 0.065625 0.12777777777777777