1 0.6204386746499099 0.14515385352768062 0.7591226507001803 0.2732838319281342
0 0.3291602413271821 0.05682544119181058 0.14167951734563583 0.09553573320977701
3 0.6614807506365468 0.24506457349061375 0.055232940006363404 0.04878472958157989
1 0.5910591626352741 0.2519842068857252 0.4803431226925442 0.20732149291324192
1 0.5824488733290911 0.05160226096940922 0.47572725334181776 0.07908736550858017
0 0.4054489266390922 0.21736612630835336 0.08026930267345418 0.05278274881887368
2 0.4175131219764556 0.18808785407583478 0.0676602146721816 0.04297123920022683
0 0.3816290712921837 0.316574952624556 0.06773294000636332 0.04922123920022674
3 0.624161469287093 0.36255960833700407 0.041024989337999786 0.03579365626060227
3 0.7670415019891823 0.10650555969561563 0.06953179734245403 0.06958830290255764
1 0.5444830599538657 0.35899560951813037 0.4145181280235445 0.18784231741534593