0 0.3497376944322574 0.5375670097034648 0.05701371941479163 0.03477679328391083
1 0.46643488516170184 0.5541320055271136 0.30123780452090293 0.13073416714519331
0 0.3021567924561464 0.6732936893777121 0.08085126291777786 0.05278274881887359
0 0.34322146960222294 0.8612946863824871 0.06660692496187508 0.0444791754978958
1 0.5128403725282645 0.7032887573412121 0.5120311405769445 0.1989832032575281
1 0.5311058360560417 0.37552834509016014 0.9377883278879166 0.5031598488031752
1 0.5091374103316674 0.8795784388295578 0.40668902393569456 0.1672024352013608
0 0.18211051728618083 0.3451463528098904 0.2093412452503473 0.14001490870767297
0 0.3532809217308338 0.5556448871081265 0.05214438145888893 0.026800602176918174
3 0.9444247600679863 0.35006213065434066 0.11115047986402757 0.11971727767481415
3 0.5970699021635422 0.6999851972670783 0.051018292553055566 0.04549603847458741
3 0.5871533075581257 0.8776191239461006 0.04302395459715278 0.037410719962933214