0 0.015625 0.23055555555555557 0.03125 0.08611111111111111
0 0.0375 0.2222222222222222 0.0328125 0.06944444444444445
0 0.13125 0.24166666666666667 0.0359375 0.058333333333333334
0 0.35 0.25833333333333336 0.0296875 0.058333333333333334
1 0.1125 0.4777777777777778 0.028125 0.03333333333333333
2 0.8375 0.5777777777777777 0.325 0.8333333333333334
2 0.04375 0.4444444444444444 0.0875 0.5222222222222223
2 0.128125 0.40555555555555556 0.10625 0.39166666666666666
0 0.8546875 0.23333333333333334 0.0796875 0.1361111111111111
1 0.2734375 0.5666666666666667 0.0375 0.044444444444444446
1 0.9546875 0.7388888888888889 0.071875 0.07777777777777778
0 0.315625 0.2388888888888889 0.04375 0.08333333333333333
2 0.3 0.4527777777777778 0.153125 0.5194444444444445