2 0.5859375 0.4444444444444444 0.1234375 0.49166666666666664
1 0.259375 0.5555555555555556 0.0421875 0.03888888888888889
0 0.0796875 0.3055555555555556 0.034375 0.08333333333333333
0 0.5765625 0.24444444444444444 0.0421875 0.08055555555555556
0 0.275 0.2222222222222222 0.0484375 0.08888888888888889
2 0.2875 0.46111111111111114 0.1421875 0.5777777777777777
1 0.565625 0.525 0.0359375 0.041666666666666664
0 0.0390625 0.29444444444444445 0.0296875 0.06666666666666667
0 0.08125 0.25 0.034375 0.044444444444444446
0 0.171875 0.3055555555555556 0.0265625 0.05277777777777778
0 0.6328125 0.25277777777777777 0.0328125 0.06111111111111111
2 0.0859375 0.44166666666666665 0.109375 0.4361111111111111
2 0.1703125 0.42777777777777776 0.071875 0.3055555555555556