3 0.40859375 0.57890625 0.03984375 0.04296875
2 0.23125 0.33203125 0.0265625 0.06015625
3 0.00390625 0.24296875 0.00703125 0.08515625
1 0.7828125 0.47265625 0.08203125 0.34375
1 0.2203125 0.48359375 0.12265625 0.371875
1 0.4265625 0.48828125 0.1390625 0.51015625
3 0.96328125 0.546875 0.02578125 0.03046875
0 0.7859375 0.32890625 0.02890625 0.05
0 0.43828125 0.28203125 0.04140625 0.07890625
0 0.9765625 0.353125 0.0328125 0.059375
3 0.76015625 0.53984375 0.02421875 0.0296875
1 0.96328125 0.49296875 0.07265625 0.34375
0 0.4 0.27890625 0.0421875 0.08046875