1 0.7533286119112313 0.6583332548717739 0.29991018801718106 0.12829875858420703
1 0.6966326218969139 0.7634792971244474 0.5921533267027257 0.26905206537301574
0 0.9510024959023227 0.7251127304748853 0.08203179734245403 0.06766019867214013
1 0.7308734512651395 0.5066298543060398 0.36248291335136285 0.13491237294739164
1 0.7002779792727755 0.45019804712444744 0.42214881468808996 0.16025780659241723
2 0.8719166219366847 0.4715104866232053 0.05824885200509087 0.03783634328594587
3 0.6287815032225051 0.8201196616840238 0.061573846674090583 0.05504202400410492
0 0.8709268339433663 0.4222826462641257 0.07083975867281822 0.04572156615858276
3 0.683853000596776 0.5188571435336512 0.03315794533736351 0.029878397540671918
0 0.8683905379137766 0.6402513962641257 0.05510567067154497 0.03625566256778665
3 0.6375779846037757 0.4670219327612627 0.037881808004454245 0.03303066861791084