0 0.490625 0.10277777777777777 0.0421875 0.08333333333333333
1 0.675 0.3388888888888889 0.028125 0.03333333333333333
0 0.6796875 0.11666666666666667 0.03125 0.03333333333333333
1 0.0453125 0.325 0.025 0.027777777777777776
1 0.78125 0.33611111111111114 0.025 0.027777777777777776
2 0.4828125 0.30833333333333335 0.1234375 0.5
1 0.4609375 0.4166666666666667 0.0390625 0.044444444444444446
2 0.0671875 0.2777777777777778 0.0859375 0.33611111111111114
2 0.784375 0.2833333333333333 0.0625 0.3138888888888889
0 0.0640625 0.1361111111111111 0.028125 0.05
2 0.678125 0.28055555555555556 0.0859375 0.3527777777777778
2 0.615625 0.25277777777777777 0.0546875 0.24444444444444444
0 0.41875 0.15555555555555556 0.021875 0.041666666666666664
0 0.71875 0.14722222222222223 0.028125 0.04722222222222222
0 0.790625 0.15555555555555556 0.0265625 0.04722222222222222
2 0.4125 0.2611111111111111 0.0578125 0.25277777777777777
0 0.6796875 0.14444444444444443 0.0296875 0.05
0 0.6171875 0.15 0.0203125 0.041666666666666664