1 0.559375 0.5916666666666667 0.040625 0.041666666666666664
2 0.7796875 0.4777777777777778 0.0625 0.3527777777777778
0 0.79375 0.3416666666666667 0.0296875 0.05
0 0.5765625 0.28055555555555556 0.046875 0.08333333333333333
0 0.96875 0.33055555555555555 0.0328125 0.05555555555555555
2 0.9640625 0.48333333333333334 0.0703125 0.3638888888888889
2 0.5796875 0.5083333333333333 0.1640625 0.5416666666666666
0 0.8359375 0.3111111111111111 0.0375 0.06944444444444445
1 0.771875 0.5388888888888889 0.0265625 0.03333333333333333
2 0.8453125 0.49722222222222223 0.1078125 0.4444444444444444
1 0.8234375 0.5833333333333334 0.0328125 0.03611111111111111