2 0.6538590876641299 0.28446043324318593 0.06577382213985139 0.09447725334181775
1 0.957440411533262 0.4691326885344152 0.06471235226173633 0.3771624840069997
1 0.5536358544543529 0.42619449458945813 0.16742069001068421 0.4111567706874535
3 0.6223411813187096 0.6503036092457313 0.06317461179556502 0.06477157200827222
3 0.27853913993371543 0.3427120219605473 0.022748019237293703 0.025254538669636162
0 0.5896701020921002 0.26646495858532193 0.04933036660488845 0.0708579400063634
0 0.8494072006408213 0.29780367588323264 0.14642859981466563 0.21255563868554458
1 0.6033779049098399 0.522451329248913 0.2856350097882828 0.6655544640356347
1 0.7366244253282599 0.5755661438972319 0.5149653896400153 0.8369043947326332
3 0.37457832623138454 0.3431563699475024 0.02107639183263199 0.0221113573360908
0 0.2956497727806727 0.21053532129218372 0.026364092558271414 0.039353401336727156
1 0.2750247595338288 0.3091728159611836 0.10069943756361352 0.2448226986791812
0 0.6700396483712359 0.24600646057450426 0.06997024881887377 0.0804692973424542
1 0.37650541398033255 0.31033477928072967 0.09390380054030487 0.22912497334499946
0 0.39688489056668763 0.21872853461172975 0.024801592558271322 0.03933522000318168