1 0.96171875 0.4734375 0.07578125 0.38046875
0 0.9625 0.325 0.0328125 0.05703125
3 0.778125 0.5078125 0.0203125 0.025
1 0.78359375 0.4671875 0.04453125 0.30078125
2 0.23125 0.34140625 0.02578125 0.05078125
3 0.49296875 0.52109375 0.02421875 0.02578125
1 0.22265625 0.47578125 0.11328125 0.325
1 0.51953125 0.46953125 0.09453125 0.35
1 0.8375 0.4984375 0.1234375 0.4453125
3 0.821875 0.58046875 0.0328125 0.03828125
0 0.83515625 0.309375 0.03828125 0.06796875
0 0.7984375 0.33828125 0.0234375 0.04296875
0 0.515625 0.32578125 0.03203125 0.05078125