0 0.465625 0.078125 0.0359375 0.06875
0 0.46484375 0.06640625 0.03203125 0.0484375
2 0.46953125 0.096875 0.03515625 0.06484375
1 0.3875 0.196875 0.07421875 0.28203125
0 0.08359375 0.08828125 0.03828125 0.065625
3 0.440625 0.31640625 0.0328125 0.03515625
0 0.39375 0.08359375 0.025 0.0515625
3 0.7328125 0.18046875 0.01640625 0.01640625
0 0.73203125 0.0734375 0.01640625 0.0296875
1 0.7328125 0.15546875 0.05390625 0.1984375
1 0.559375 0.1609375 0.07109375 0.23671875
2 0.55703125 0.06796875 0.02109375 0.0453125
1 0.084375 0.24921875 0.1421875 0.39140625
1 0.46484375 0.253125 0.11875 0.43203125