0 0.3703125 0.35555555555555557 0.0390625 0.07777777777777778
0 0.5015625 0.39444444444444443 0.0265625 0.044444444444444446
1 0.1203125 0.6638888888888889 0.0375 0.041666666666666664
1 0.4921875 0.5805555555555556 0.021875 0.027777777777777776
2 0.375 0.55 0.1140625 0.4638888888888889
2 0.1484375 0.5638888888888889 0.1125 0.4722222222222222
1 0.3609375 0.625 0.034375 0.041666666666666664
2 0.740625 0.5333333333333333 0.1265625 0.37777777777777777
3 0.1484375 0.36944444444444446 0.0390625 0.075
0 0.7375 0.37777777777777777 0.0359375 0.06111111111111111
1 0.6875 0.5833333333333334 0.0234375 0.027777777777777776
2 0.5046875 0.5166666666666667 0.08125 0.2916666666666667