0 0.13211057323615968 0.3067775342440247 0.059360131032858775 0.09069920783841656
1 0.38981142351416137 0.6153639579049235 0.27985623574166574 0.6387515775927423
0 0.4389756429289403 0.36965064113273377 0.07596727767481415 0.11927884890464338
2 0.1758605732361597 0.3055045392585896 0.07769346878180672 0.124011813011266
0 0.2209821002780017 0.30965483016653184 0.06928076805616738 0.1065969924781526
1 0.49051331716089186 0.5476559691876945 0.15232147966639786 0.3837338054894186
1 0.15988837677168952 0.5889762688046185 0.31977675354337903 0.7189224623907631
3 0.355495932499836 0.7264067579840658 0.056924611795565114 0.06565374373179385
3 0.038385332769988526 0.6216871318950268 0.048730165879249096 0.05448892319868044
3 0.4688268009188231 0.6099430205204781 0.033958337748947895 0.03376724623907634
0 0.519243496286985 0.39541150758835436 0.04275298439090332 0.06211956677218975