2 0.49765625 0.40390625 0.025 0.04453125
1 0.84375 0.61484375 0.2515625 0.75390625
1 0.5015625 0.56171875 0.1015625 0.37265625
1 0.65234375 0.5875 0.1046875 0.3484375
1 0.39453125 0.56328125 0.084375 0.40859375
1 0.33046875 0.5484375 0.0671875 0.30859375
3 0.78828125 0.86015625 0.0625 0.0625
0 0.84921875 0.31640625 0.08203125 0.15078125
3 0.4859375 0.6171875 0.02578125 0.03203125
0 0.403125 0.396875 0.034375 0.06328125
0 0.3390625 0.41953125 0.0265625 0.04609375
0 0.65234375 0.44609375 0.028125 0.05703125
3 0.6203125 0.68203125 0.0265625 0.034375
3 0.39140625 0.62890625 0.03125 0.03359375
3 0.325 0.621875 0.02578125 0.03203125
0 0.3828125 0.4015625 0.02109375 0.05546875