1 0.5866153433467479 0.35115149306611304 0.3276050296574951 0.14249761397040128
1 0.6002587603057613 0.7450742098886257 0.3716733646384672 0.15056464402463057
1 0.5403876476816414 0.48841514373004297 0.5167258794672149 0.2217043667008758
1 0.5148490671864747 0.07957595403489327 0.4421768656270505 0.15566121018321336
0 0.739650160038931 0.43096677897407487 0.09285334486680377 0.05521474082661797
0 0.7388079016359741 0.4708150741536146 0.06421900889724856 0.042551114363184796
0 0.6899100755894318 0.04074123389273084 0.07534750988583169 0.047302246876742025
3 0.4639352356283629 0.46609017095560185 0.04865767589344294 0.04402271077238851
1 0.5152284105704037 0.03191061367581365 0.3601681788591925 0.05989419222923246
1 0.5728976946393421 0.26589524911623724 0.24683519072219048 0.11547150565734077
3 0.5496366777962471 0.7408725232185382 0.03727450692008212 0.03302157825883114
0 0.7107850138029834 0.3339008814334028 0.06246550790866543 0.03785452400410509
0 0.7460315167315519 0.7154463181034905 0.06246550790866543 0.03785452400410509
0 0.6649406146012862 0.25080203512239485 0.04808467292769336 0.02996021077238851