3 0.6327307206807233 0.4862621485226306 0.04560516587924912 0.05337953005422928
0 0.8839285998146655 0.20583780855633446 0.026909729581580066 0.054832945745273864
0 0.17667411660488852 0.0699579759958949 0.10959823320977705 0.1399159519917898
3 0.23702638419771968 0.701107461165172 0.08085318511654283 0.07857951795398091
0 0.9080382224100039 0.20257190799060038 0.04017362141421188 0.07678066861791084
0 0.2941394135169964 0.21083191910889015 0.029816474772256553 0.048601126463433085
1 0.9155208841129017 0.37209406763152075 0.16484132703399296 0.4258726744716433
0 0.6036756154237622 0.14651839247250642 0.04922123920022692 0.06746021077238851
1 0.18445691178771587 0.49453125 0.36891382357543173 0.9890625
0 0.5879067716843644 0.1872433864223822 0.051165685116542826 0.07840680113146817
1 0.6056920163268869 0.38327350390882486 0.18984630543444644 0.5603658491396784