0 0.02890625 0.31953125 0.03515625 0.06953125
0 0.2453125 0.33125 0.0328125 0.06328125
0 0.94296875 0.353125 0.0203125 0.0390625
1 0.66484375 0.46015625 0.07578125 0.30546875
2 0.4546875 0.30859375 0.02890625 0.06328125
1 0.04921875 0.49453125 0.0984375 0.428125
1 0.23828125 0.4859375 0.1078125 0.37578125
1 0.44375 0.46640625 0.11328125 0.390625
1 0.9296875 0.4859375 0.08515625 0.33359375
0 0.9203125 0.346875 0.0296875 0.053125
3 0.925 0.553125 0.02421875 0.0296875
3 0.64765625 0.509375 0.02109375 0.025
0 0.66171875 0.33125 0.02734375 0.0453125