3 0.4343801031672984 0.5605632326351943 0.03683214206513998 0.04238748789975162
1 0.5219872480044486 0.6654865610904173 0.08736130503579283 0.23948974687674215
1 0.8450754084854399 0.6159667874790957 0.1233281680911504 0.34747496369925485
0 0.18425348762227925 0.8189625816766768 0.06776289462538868 0.11754202400410527
0 0.4000072902389977 0.8020876573032293 0.04059417889684287 0.05334316861791102
0 0.5118849349349736 0.758482582167656 0.024605157850155556 0.04700226502711473
2 0.4023734270424658 0.7614626573032293 0.038940673635170994 0.05177157825883114
1 0.41708691637794776 0.6161137958669108 0.15774794169808662 0.4288976805217676
1 0.21479564526067318 0.5493449732654204 0.2594447625188951 0.6731567406302261
1 0.7044203164061826 0.6441195794371816 0.11287651550266702 0.3021170119038567
2 0.6997566612574502 0.7644184438985622 0.028003173635170953 0.05170794574527378
2 0.6995893322617853 0.7136553746167215 0.02920165258848364 0.04546703610435365
0 0.826265953350825 0.7511866699926528 0.03534523677523325 0.07049430718159222