3 0.41079816752766707 0.41069843692222696 0.03714717292769336 0.030733174452321776
1 0.4089172629259433 0.8624511535361321 0.5314303666156336 0.17308843982522076
1 0.3682326186299809 0.5725475675636125 0.402830522737413 0.11940584718878373
1 0.43112389087310243 0.679721221561963 0.6408345415204935 0.21528796318218593
0 0.20016836813568933 0.5653164261016743 0.06402800790866543 0.03931856426490725
2 0.18509783056952872 0.3869641055685609 0.05921317391627658 0.03605717194503919
3 0.5304527288198239 0.704460460279192 0.0631021778706092 0.05489810015828454
0 0.20056359345829106 0.8431231773553156 0.09428851087441492 0.054244882290738164
2 0.19112097338261638 0.6688362311953815 0.09623301285158128 0.06366534639736088
3 0.4196187050938276 0.5888689010288497 0.03727450692008212 0.0338581744523216
0 0.1331811393902276 0.6640290592503423 0.0696068458553869 0.0613299565847754
1 0.34573158304098667 0.4033429264973857 0.3976628616727176 0.14578649076229305