3 0.2625 0.33611111111111114 0.0375 0.07777777777777778
2 0.7328125 0.4777777777777778 0.065625 0.2833333333333333
0 0.7109375 0.3638888888888889 0.025 0.04722222222222222
0 0.50625 0.35833333333333334 0.01875 0.05
2 0.6875 0.48055555555555557 0.0484375 0.3055555555555556
0 0.58125 0.37222222222222223 0.0390625 0.06944444444444445
0 0.6328125 0.3527777777777778 0.0296875 0.058333333333333334
1 0.6796875 0.5416666666666666 0.0203125 0.022222222222222223
2 0.4640625 0.5055555555555555 0.065625 0.375
0 0.4703125 0.35 0.0328125 0.058333333333333334
0 0.5328125 0.3416666666666667 0.046875 0.08333333333333333
2 0.6359375 0.49722222222222223 0.075 0.3527777777777778
1 0.721875 0.5388888888888889 0.01875 0.025
0 0.68125 0.36944444444444446 0.0296875 0.058333333333333334
0 0.090625 0.30277777777777776 0.053125 0.10277777777777777
0 0.034375 0.21944444444444444 0.0671875 0.18888888888888888
2 0.2734375 0.5388888888888889 0.159375 0.5222222222222223
0 0.2859375 0.3388888888888889 0.028125 0.08333333333333333
1 0.4625 0.5611111111111111 0.0265625 0.03333333333333333
1 0.5296875 0.6694444444444444 0.0421875 0.05277777777777778
1 0.259375 0.6638888888888889 0.0375 0.05
2 0.5453125 0.5805555555555556 0.165625 0.5638888888888889
1 0.634375 0.5583333333333333 0.021875 0.027777777777777776