2 0.6126734823223507 0.926938949961728 0.0985119110699257 0.05138702564056317
1 0.45792159428755197 0.2212455297789016 0.4174107332097769 0.15983749627594632
0 0.6382290761465665 0.6418362038906694 0.08919147477225664 0.05251287799792799
1 0.3827230874944939 0.922829454509842 0.5696627139724832 0.14196940777232037
1 0.46218990971916335 0.5010593083149488 0.33463294954451295 0.11230321670644176
1 0.41813483095588994 0.6458474234925953 0.5453174784004535 0.15955501405862654
3 0.3956919235989794 0.2834223521524771 0.038482146641955414 0.029871590570540542
3 0.388288618249351 0.5177609648489241 0.0321230192372937 0.026455492142117266
3 0.26406236753156087 0.9704750500427813 0.05109127404661713 0.033578787427387624
3 0.32464772578374684 0.6650212626153938 0.05147321996293304 0.044516287427387446
0 0.6248362757758976 0.22127114681857485 0.06698909255827132 0.042119033498446076
0 0.6003347504633362 0.4985250055860805 0.047857146641955416 0.03030823821317572