1 0.84921875 0.48359375 0.07890625 0.30390625
1 0.56796875 0.5640625 0.16953125 0.69453125
0 0.84765625 0.35703125 0.02578125 0.046875
0 0.32421875 0.35859375 0.02578125 0.05390625
0 0.45390625 0.37265625 0.01953125 0.04375
1 0.0640625 0.5296875 0.128125 0.40625
2 0.04765625 0.36796875 0.06015625 0.08359375
3 0.83984375 0.5375 0.025 0.02890625
3 0.5453125 0.65703125 0.05234375 0.0546875
1 0.44765625 0.46875 0.06015625 0.240625
1 0.31875 0.48359375 0.0859375 0.31015625
0 0.55703125 0.27109375 0.0625 0.10078125