1 0.86015625 0.54375 0.15703125 0.56640625
1 0.63046875 0.55234375 0.15390625 0.59140625
0 0.85625 0.30390625 0.046875 0.08046875
0 0.63125 0.30390625 0.05703125 0.09375
1 0.24296875 0.55703125 0.19453125 0.65078125
0 0.24140625 0.2921875 0.0578125 0.10859375
0 0.7875 0.31953125 0.0421875 0.075
1 0.39765625 0.52734375 0.1078125 0.45859375
0 0.15703125 0.315625 0.04453125 0.09140625
0 0.46015625 0.3359375 0.02890625 0.065625
0 0.40703125 0.3390625 0.03828125 0.078125
1 0.46640625 0.48125 0.08203125 0.3640625
1 0.7703125 0.50625 0.08203125 0.47890625
0 0.30234375 0.35546875 0.03515625 0.0765625
1 0.12265625 0.54375 0.11015625 0.56484375
0 0.1953125 0.32109375 0.034375 0.06640625
3 0.77734375 0.58359375 0.034375 0.04375
3 0.59140625 0.671875 0.04609375 0.0546875
3 0.83671875 0.6375 0.04140625 0.0453125