1 0.5578125 0.3611111111111111 0.0265625 0.030555555555555555
1 0.678125 0.36944444444444446 0.025 0.027777777777777776
1 0.8921875 0.4722222222222222 0.046875 0.05
0 0.965625 0.16111111111111112 0.053125 0.09722222222222222
0 0.6875 0.17222222222222222 0.028125 0.05
2 0.278125 0.3194444444444444 0.1046875 0.35
1 0.2421875 0.38055555555555554 0.025 0.030555555555555555
2 0.1265625 0.3194444444444444 0.1 0.3194444444444444
0 0.13125 0.18888888888888888 0.028125 0.05277777777777778
0 0.58125 0.16944444444444445 0.021875 0.05
0 0.5625 0.175 0.0234375 0.04722222222222222
3 0.26875 0.16944444444444445 0.028125 0.04722222222222222
2 0.6890625 0.3055555555555556 0.078125 0.3194444444444444
2 0.56875 0.3055555555555556 0.084375 0.33055555555555555
2 0.93125 0.39444444444444443 0.134375 0.575
2 0.4328125 0.31666666666666665 0.1015625 0.425
0 0.43125 0.14166666666666666 0.0359375 0.06388888888888888
1 0.409375 0.3972222222222222 0.034375 0.03611111111111111