0 0.271875 0.09444444444444444 0.05625 0.1
2 0.621875 0.4305555555555556 0.1859375 0.6722222222222223
2 0.26875 0.375 0.190625 0.6638888888888889
2 0.5265625 0.30277777777777776 0.0765625 0.3277777777777778
2 0.4125 0.34444444444444444 0.121875 0.475
1 0.228125 0.4777777777777778 0.0515625 0.05555555555555555
0 0.628125 0.1527777777777778 0.05625 0.10833333333333334
0 0.4125 0.14722222222222223 0.0375 0.075
0 0.5296875 0.16944444444444445 0.03125 0.05555555555555555
3 0.7890625 0.16666666666666666 0.028125 0.04722222222222222
0 0.4375 0.14722222222222223 0.021875 0.05555555555555555
1 0.5875 0.5805555555555556 0.0546875 0.06388888888888888
1 0.3796875 0.4361111111111111 0.0375 0.041666666666666664
1 0.5140625 0.4083333333333333 0.0234375 0.030555555555555555