3 0.25 0.24444444444444444 0.046875 0.08333333333333333
2 0.253125 0.4777777777777778 0.14375 0.5555555555555556
2 0.521875 0.4444444444444444 0.084375 0.35
1 0.39375 0.575 0.0328125 0.041666666666666664
2 0.403125 0.4583333333333333 0.1046875 0.4444444444444444
2 0.1125 0.4305555555555556 0.1203125 0.4861111111111111
0 0.1046875 0.22777777777777777 0.0421875 0.075
0 0.4109375 0.2722222222222222 0.0375 0.06666666666666667
1 0.2234375 0.575 0.040625 0.05
0 0.5234375 0.3 0.03125 0.05555555555555555
1 0.0875 0.525 0.034375 0.03611111111111111
1 0.5109375 0.5 0.025 0.030555555555555555