0 0.16258888882157393 0.13300846360105892 0.041580004942915846 0.023673849336070064
3 0.32367096885963004 0.14957431576579933 0.024265170950527094 0.020448855386194252
1 0.26904584136958154 0.3586811501729506 0.23755834980971963 0.07948855386194272
1 0.2655481096583703 0.27192149355709233 0.26431185079830277 0.0843305899662962
1 0.27633305384060197 0.141484559813871 0.2800641847906916 0.08754649355709235
3 0.5116167074537424 0.5999929931643089 0.04903967787060921 0.05339771077238851
0 0.16105161064695345 0.26662493949875793 0.04945617193911023 0.025281801131468207
1 0.383871663270417 0.5570146319243822 0.767743326540834 0.25916904702625165
0 0.11913738878439287 0.5281618823171657 0.148241181824942 0.07272040339440444
2 0.08830654144613123 0.5944045058537325 0.1372691897336074 0.11014768052176756
2 0.1770811758562619 0.3526760689872532 0.046394838935304696 0.026826120413308986