0 0.08203125 0.33359375 0.03515625 0.06796875
1 0.8265625 0.4765625 0.05078125 0.346875
3 0.34453125 0.52578125 0.02421875 0.0265625
3 0.74140625 0.546875 0.0265625 0.03046875
3 0.821875 0.52734375 0.02265625 0.025
3 0.8671875 0.546875 0.0265625 0.03046875
1 0.0734375 0.496875 0.11875 0.40390625
0 0.87265625 0.3296875 0.03203125 0.05546875
1 0.878125 0.48125 0.0765625 0.365625
0 0.3671875 0.33828125 0.028125 0.05078125
0 0.83203125 0.33828125 0.02578125 0.0453125
1 0.75234375 0.48125 0.09765625 0.38046875
1 0.36953125 0.47265625 0.08828125 0.32890625
0 0.76015625 0.32109375 0.0328125 0.05546875