1 0.5671875 0.3796875 0.07890625 0.28828125
3 0.86484375 0.6125 0.0484375 0.0625
0 0.74296875 0.26796875 0.0265625 0.04921875
0 0.021875 0.21796875 0.03984375 0.07734375
0 0.66953125 0.2484375 0.03359375 0.06484375
1 0.74765625 0.39140625 0.06015625 0.3015625
0 0.28359375 0.27421875 0.0234375 0.04296875
0 0.6953125 0.2515625 0.028125 0.0640625
2 0.571875 0.2609375 0.02109375 0.04609375
3 0.675 0.48828125 0.03125 0.03515625
1 0.03671875 0.40078125 0.07265625 0.45078125
1 0.68359375 0.41796875 0.1078125 0.4140625