0 0.2791716219784789 0.6247317733951746 0.05165534190105418 0.04353716837349921
0 0.386820931787761 0.34673484698799334 0.04795733893530461 0.029292657850155467
1 0.4506327865032153 0.644898602179078 0.40818386760421677 0.18588835224966527
1 0.5160574456279254 0.2884812731834131 0.5302790434976596 0.23664575739839755
2 0.3088418759328116 0.6076653707361038 0.06396434091247105 0.039577710466874014
0 0.2886991777962472 0.7560650733810572 0.07059634288963731 0.04931673151356133
1 0.4604322563514286 0.7887774047957965 0.4311756986308559 0.17631593117474295
1 0.4915575113315255 0.3708464521508432 0.2719333498097196 0.093777905007558
0 0.3069490424718955 0.2120875602268776 0.08022601087441492 0.056112763083592455
0 0.3238845330803553 0.25771087336693976 0.09447951186299805 0.06161931043863911
3 0.6166132025480076 0.26144760729957556 0.04859400889724856 0.04491765785015547
3 0.5441108724727706 0.6378134152485531 0.038773339923887915 0.03343412628012423
3 0.5219600053628455 0.7970596126318347 0.037338173916276675 0.036468121018452496