1 0.6588932106749035 0.6770313361044854 0.35610891066226813 0.16852683302444263
1 0.733499720241815 0.9075298571558778 0.3700804824490227 0.16589290634542025
1 0.5381558471887837 0.4168254676854984 0.4131318004748536 0.1970536263083534
3 0.6229199214163138 0.8623041479927178 0.03854567445232178 0.037247028855940556
0 0.7014454573761981 0.3959921564302383 0.06390938730530316 0.05062004809323417
0 0.8504933404583592 0.7976687622353535 0.07815374373179367 0.05736112141421188
0 0.7443496743858147 0.5293874989885097 0.07332985141192587 0.05250993030721922
1 0.6858458187507468 0.8254787597882828 0.44488190564770314 0.2153324003549706
1 0.5845942411580044 0.5643924376484316 0.4192454081549856 0.1925843811176769
3 0.6876249305875138 0.940267946085952 0.03372178213245362 0.0323958377489479
0 0.7993901785424498 0.6507193511654279 0.0572956744523216 0.037901793283910835
3 0.5982428671805364 0.7115948198624167 0.036846782132453626 0.03250496515360979
3 0.467948647267926 0.44481156922944454 0.04006271034569906 0.035739092558271325
3 0.5127336130239013 0.5891989754900467 0.04801160266556703 0.040699411069925695
0 0.8753545996295591 0.874241185919151 0.06381845909205772 0.04749504809323426