3 0.4375 0.565625 0.02890625 0.03515625
3 0.03984375 0.65078125 0.03828125 0.04453125
3 0.5109375 0.69140625 0.0453125 0.05703125
3 0.71640625 0.54375 0.0234375 0.0265625
1 0.2453125 0.5453125 0.17265625 0.56328125
0 0.05703125 0.29296875 0.0546875 0.10859375
1 0.53203125 0.59296875 0.171875 0.59453125
0 0.5203125 0.34296875 0.05 0.09609375
2 0.23125 0.33046875 0.03828125 0.08046875
1 0.44140625 0.50859375 0.0703125 0.38515625
0 0.446875 0.34921875 0.03515625 0.059375
1 0.6265625 0.50078125 0.08203125 0.36875
0 0.62421875 0.35234375 0.0328125 0.065625
0 0.57265625 0.36875 0.04140625 0.06953125
0 0.25390625 0.33125 0.02890625 0.08515625
0 0.6734375 0.37265625 0.0328125 0.065625
0 0.7328125 0.36953125 0.02421875 0.05703125
0 0.4890625 0.3546875 0.025 0.059375
1 0.72890625 0.48046875 0.06640625 0.29375
1 0.68046875 0.484375 0.05078125 0.315625
0 0.70625 0.36328125 0.02578125 0.05078125
3 0.62578125 0.5625 0.0203125 0.03203125
3 0.6734375 0.5484375 0.02109375 0.028125
3 0.2296875 0.68125 0.03984375 0.05078125