2 0.69375 0.40555555555555556 0.0859375 0.33055555555555555
2 0.121875 0.5444444444444444 0.2421875 0.8805555555555555
1 0.05 0.7944444444444444 0.0765625 0.08888888888888889
3 0.696875 0.3055555555555556 0.025 0.06111111111111111
1 0.6890625 0.4527777777777778 0.025 0.030555555555555555
0 0.6921875 0.26666666666666666 0.028125 0.03888888888888889
2 0.2984375 0.45555555555555555 0.075 0.43333333333333335
2 0.234375 0.49444444444444446 0.128125 0.5277777777777778
0 0.2171875 0.2777777777777778 0.0453125 0.09166666666666666
0 0.2859375 0.2833333333333333 0.0375 0.06666666666666667
0 0.0984375 0.19166666666666668 0.1 0.16111111111111112