0 0.365625 0.1388888888888889 0.0515625 0.058333333333333334
1 0.61875 0.3888888888888889 0.025 0.030555555555555555
2 0.3734375 0.4111111111111111 0.15 0.5722222222222222
2 0.465625 0.3527777777777778 0.0796875 0.35833333333333334
2 0.203125 0.39444444444444443 0.1203125 0.475
2 0.61875 0.33055555555555555 0.103125 0.3527777777777778
0 0.4609375 0.2 0.03125 0.05555555555555555
3 0.6234375 0.18333333333333332 0.028125 0.05
1 0.3578125 0.5027777777777778 0.04375 0.05277777777777778
0 0.20625 0.20277777777777778 0.0421875 0.08333333333333333
3 0.365625 0.19166666666666668 0.0515625 0.08333333333333333
1 0.4546875 0.4 0.028125 0.030555555555555555