2 0.0828125 0.36796875 0.0421875 0.08828125
1 0.73671875 0.5328125 0.1296875 0.3765625
0 0.34296875 0.35390625 0.04453125 0.08046875
1 0.084375 0.57890625 0.12890625 0.51640625
1 0.4796875 0.51953125 0.08828125 0.303125
1 0.3484375 0.55546875 0.12265625 0.49453125
3 0.68203125 0.58828125 0.025 0.03359375
3 0.4671875 0.58671875 0.02265625 0.02890625
3 0.05078125 0.68671875 0.04296875 0.04609375
3 0.33515625 0.640625 0.03828125 0.0453125
0 0.72890625 0.3796875 0.03515625 0.059375
0 0.47578125 0.39296875 0.0265625 0.04375