1 0.828125 0.40859375 0.06015625 0.246875
0 0.35078125 0.271875 0.04296875 0.08359375
3 0.321875 0.53515625 0.03515625 0.0359375
2 0.31640625 0.28671875 0.03515625 0.0703125
3 0.5703125 0.50390625 0.03046875 0.03359375
0 0.69609375 0.275 0.02578125 0.046875
3 0.67421875 0.4484375 0.02421875 0.02890625
0 0.5734375 0.25390625 0.03359375 0.05625
0 0.82890625 0.30703125 0.02265625 0.040625
0 0.5609375 0.28515625 0.03046875 0.0609375
3 0.81796875 0.4390625 0.01796875 0.01875
1 0.6953125 0.4015625 0.08828125 0.30390625
1 0.5765625 0.43671875 0.11171875 0.4203125
1 0.3484375 0.459375 0.134375 0.4609375