1 0.29296875 0.41796875 0.10625 0.365625
3 0.11328125 0.5578125 0.03671875 0.046875
1 0.48515625 0.44140625 0.08984375 0.34921875
1 0.146875 0.46796875 0.12578125 0.4859375
2 0.29375 0.3 0.02890625 0.06015625
0 0.209375 0.26796875 0.02265625 0.04453125
0 0.2859375 0.25546875 0.02734375 0.0359375
2 0.4875 0.29296875 0.025 0.046875
0 0.00703125 0.2125 0.0140625 0.06875
3 0.27578125 0.48125 0.02890625 0.03125
0 0.15703125 0.265625 0.0390625 0.07421875
3 0.47109375 0.49453125 0.0265625 0.03046875
1 0.025 0.38359375 0.04921875 0.4140625