1 0.8933516938047074 0.39835803351910887 0.12122870533620969 0.3186710951437196
1 0.7904823213488988 0.4411342183962718 0.20120388964152056 0.5050919799417404
0 0.7908895143606369 0.23986723508931923 0.055574970601357875 0.0780628155185485
3 0.8929522241078608 0.4506335873591748 0.02655585594746519 0.030414925705962936
3 0.7880799383776406 0.5465120401830263 0.044807888964151846 0.05122753087881229
0 0.9540136341029122 0.2678832718406264 0.0351805834462283 0.07590928213245363
3 0.9669828663513732 0.5264853820280407 0.009695904567984215 0.03616482053311341
1 0.93304163557325 0.44478675264029643 0.10787661352223879 0.45089256175762493
1 0.9422495392367232 0.4328179500538717 0.09077100067736836 0.4519549565847754
1 0.6417482502271425 0.40645900468536056 0.09376544662978255 0.3007107053311341
0 0.6293445047496984 0.2859108239648327 0.029264776119281778 0.052335389812585564