1 0.090625 0.596875 0.1796875 0.71875
3 0.02890625 0.765625 0.05234375 0.06796875
0 0.3203125 0.334375 0.0421875 0.07578125
1 0.64765625 0.50078125 0.06015625 0.35703125
0 0.57578125 0.34296875 0.0375 0.07890625
0 0.52578125 0.35703125 0.05078125 0.08359375
1 0.31484375 0.53203125 0.0890625 0.475
3 0.3984375 0.77109375 0.06015625 0.071875
3 0.7015625 0.5734375 0.025 0.0296875
3 0.63671875 0.56953125 0.02578125 0.02890625
1 0.43203125 0.62109375 0.2265625 0.73515625
3 0.303125 0.59765625 0.03515625 0.04140625
1 0.7125 0.49921875 0.0859375 0.33046875
0 0.415625 0.315625 0.06953125 0.1203125
2 0.06015625 0.31171875 0.05625 0.10625
0 0.68671875 0.365625 0.02890625 0.05546875
1 0.54453125 0.56875 0.125 0.55625
0 0.640625 0.3609375 0.03203125 0.0640625
0 0.71640625 0.3671875 0.028125 0.046875
1 0.590625 0.51953125 0.07890625 0.44453125