0 0.3547665827983062 0.890625 0.08066934740221221 0.05625
1 0.5608023486266187 0.94765625 0.3877648271096728 0.1046875
3 0.5535507305248301 0.78125 0.03174092370110611 0.028125
3 0.5711394253292544 0.66875 0.04914661201270896 0.040625
3 0.6319933303626742 0.8078125 0.04607615909060954 0.04375
3 0.633656610798188 0.39921875 0.07940685633066594 0.0734375
1 0.49616492451847555 0.8015625 0.31314665665497754 0.1265625
0 0.37669217573629155 0.84296875 0.0522170649348082 0.0375
1 0.5239173721622739 0.46484375 0.8403127232113435 0.4296875
1 0.5087933839333967 0.7046875 0.43323306006354423 0.203125
1 0.5477722889668164 0.84375 0.4917001249983525 0.240625
0 0.19603210552318237 0.540625 0.13760118587597076 0.0953125
0 0.3431996116122623 0.74765625 0.07592730032431154 0.053125