3 0.4639257565001527 0.8411431542576636 0.07761034684397003 0.06755568114108143
0 0.8449371096955514 0.16411635131939833 0.07196784190105418 0.04389985731976358
0 0.8424951309872706 0.6591548695163635 0.07040534190105419 0.04382708271265763
1 0.6123593034206725 0.6757279776646965 0.5776978715585495 0.20781273159363794
3 0.5276951433445604 0.7029753742738744 0.0487850098858317 0.04905823821317572
3 0.5783968444096932 0.47374594664744996 0.040399506920082116 0.0346318651776464
1 0.5726494990857789 0.8111175140586268 0.7373567144481867 0.26047546691132945
1 0.6766181912164821 0.14769933105551866 0.43761138243296427 0.25275274234700496
0 0.8448508098464632 0.7169673695163634 0.08979201186299823 0.06032537799792799
3 0.6087675049429159 0.05174682216417853 0.0354573389353046 0.02816354135632886
1 0.6664552599230128 0.47238896194893076 0.3989070266917457 0.14490170099067606
2 0.8255676857792746 0.12890444333768097 0.062274506920082386 0.035650709677128446
0 0.8776062545229862 0.851053425140716 0.11536501482874754 0.0755522717116218
1 0.6599081240671885 0.617900515092084 0.45034219269935677 0.14417826302516942
2 0.8294645958925679 0.49245752108794 0.061030341901054184 0.043390435070022625