2 0.8 0.29296875 0.0421875 0.08046875
1 0.5875 0.4703125 0.08828125 0.328125
1 0.69609375 0.46171875 0.06640625 0.284375
1 0.421875 0.471875 0.09453125 0.35546875
2 0.83359375 0.2953125 0.03515625 0.0703125
3 0.78828125 0.62109375 0.03515625 0.0453125
1 0.82890625 0.50390625 0.19375 0.5046875
0 0.421875 0.32421875 0.02890625 0.05546875
0 0.58984375 0.3328125 0.0265625 0.046875
3 0.5859375 0.52265625 0.02578125 0.025
0 0.771875 0.33046875 0.034375 0.05703125
3 0.6875 0.51796875 0.0203125 0.0265625
3 0.75703125 0.565625 0.02890625 0.03828125
0 0.70078125 0.34140625 0.025 0.03984375
2 0.81953125 0.29375 0.06328125 0.075
1 0.7484375 0.48046875 0.0703125 0.4390625
3 0.4 0.525 0.02734375 0.0296875