1 0.56875 0.5777777777777777 0.025 0.027777777777777776
3 0.5609375 0.4083333333333333 0.03125 0.06111111111111111
2 0.1734375 0.6055555555555555 0.18125 0.6944444444444444
0 0.2703125 0.3416666666666667 0.034375 0.06666666666666667
2 0.275 0.525 0.1015625 0.43333333333333335
2 0.3328125 0.49722222222222223 0.065625 0.33055555555555555
0 0.325 0.35833333333333334 0.025 0.05
2 0.5703125 0.5305555555555556 0.090625 0.34444444444444444
0 0.1375 0.3388888888888889 0.0203125 0.05555555555555555
1 0.11875 0.6805555555555556 0.053125 0.05555555555555555
1 0.25625 0.5722222222222222 0.0328125 0.03888888888888889