3 0.3625 0.4666666666666667 0.021875 0.05
2 0.45625 0.6055555555555555 0.1046875 0.41944444444444445
2 0.359375 0.5666666666666667 0.0890625 0.33055555555555555
2 0.5375 0.5833333333333334 0.0765625 0.3111111111111111
1 0.51875 0.625 0.01875 0.027777777777777776
1 0.4515625 0.7305555555555555 0.03125 0.03888888888888889
1 0.35 0.6277777777777778 0.025 0.030555555555555555
0 0.45625 0.43333333333333335 0.0359375 0.06388888888888888
0 0.528125 0.4527777777777778 0.0234375 0.044444444444444446
0 0.35625 0.42777777777777776 0.028125 0.05277777777777778
0 0.3796875 0.4444444444444444 0.021875 0.041666666666666664