3 0.55234375 0.42109375 0.03828125 0.0484375
0 0.5359375 0.05703125 0.0296875 0.053125
0 0.5609375 0.07109375 0.028125 0.06328125
2 0.5796875 0.09453125 0.05234375 0.12109375
0 0.771875 0.06640625 0.02265625 0.040625
3 0.959375 0.21796875 0.02265625 0.02421875
3 0.5046875 0.290625 0.03046875 0.034375
2 0.265625 0.1015625 0.02421875 0.04921875
1 0.2578125 0.2359375 0.09296875 0.32421875
1 0.77265625 0.1609375 0.06640625 0.246875
1 0.56953125 0.26484375 0.14921875 0.5296875
3 0.76953125 0.2015625 0.01796875 0.0203125