0 0.41210813039988664 0.05284263357949929 0.07825397477225646 0.05200345574818701
1 0.4104611962948342 0.8618923019002989 0.37892858656782163 0.12996590570540575
3 0.5599255491895425 0.3688230062007438 0.03228671034428636 0.031142992142117087
3 0.501470631411377 0.7878790672017797 0.0386458377489479 0.03455909057054054
3 0.46425831889017244 0.867528025845451 0.030669646641955418 0.02950771753501158
3 0.4757116848620887 0.9204903600058507 0.0386458377489479 0.03455909057054072
1 0.5818105059904497 0.10065520305759065 0.4457539880191005 0.1673974392038518
0 0.24633420890870586 0.8785061054577368 0.06559028366526398 0.04673375889134022
1 0.4046452167132542 0.9163978653825342 0.40340279691210784 0.16074502481199354
0 0.3586358677011968 0.3516225818840882 0.060684528855940556 0.04026543507002263
0 0.2641591151693081 0.8386452388323482 0.0528174651536097 0.03833906203449331
1 0.4303768814113769 0.7845678225784634 0.42302581614940155 0.1866183200972639
1 0.49916909846390317 0.38320868382716833 0.36606648801910036 0.16368593424145308
0 0.2606918639881818 0.7586666404039248 0.06559028366526398 0.04673375889134022