3 0.409375 0.37777777777777777 0.028125 0.05277777777777778
0 0.4265625 0.38333333333333336 0.015625 0.044444444444444446
0 0.0296875 0.42777777777777776 0.025 0.05
3 0.178125 0.35833333333333334 0.0359375 0.075
0 0.0484375 0.4166666666666667 0.0234375 0.05555555555555555
1 0.1578125 0.6944444444444444 0.0484375 0.058333333333333334
3 0.215625 0.35833333333333334 0.0484375 0.08611111111111111
2 0.425 0.5166666666666667 0.096875 0.33611111111111114
2 0.0390625 0.55 0.078125 0.3194444444444444
2 0.1984375 0.6027777777777777 0.1546875 0.5833333333333334
1 0.4125 0.5666666666666667 0.025 0.027777777777777776