0 0.36733887757429773 0.65913881533855 0.09231647477225646 0.05001936525911965
0 0.3691642392850448 0.3983922301112023 0.060684528855940556 0.038536394480112965
1 0.6106052056197808 0.8501557329538715 0.7787895887604384 0.2996885340922571
1 0.5256771341129017 0.3862894707757115 0.387341287293461 0.13636951704283326
1 0.5906027627835078 0.6357088181779238 0.5646875264936877 0.2066116534052714
1 0.5293800313878293 0.5370434472367612 0.36379465988879933 0.1328354139585782
0 0.3598611942718535 0.6238734711827486 0.09097222958157998 0.05624209172016936
0 0.3861756684111378 0.5501592816533298 0.06380952885594056 0.03859094155801372
3 0.8860988343752048 0.9367799890363608 0.09497024881887342 0.08129663879807011
3 0.7032664538905002 0.6423600129823482 0.05465278366526398 0.04467730032431163
3 0.6277902495366638 0.5379804301906326 0.04171627404661713 0.03195911201270896
0 0.34876252548219755 0.9320853916374439 0.16303076805616729 0.10746940097293489
3 0.5973338793035783 0.3812940535674271 0.03859127404661713 0.0319045649348082