0 0.2813689102692299 0.2749490016215578 0.03232665258848364 0.045830697240056485
1 0.10712631541796228 0.39209777110331834 0.2080642730422388 0.6779455422066367
1 0.3863657653614926 0.45628655072805335 0.3102190362670056 0.6094876428552599
1 0.8853261811041557 0.5141646493447863 0.14468795762427647 0.286611430193928
0 0.4214786998023559 0.2149581672049891 0.06943181043863907 0.09330571509696392
0 0.08605786831702944 0.11076595048646734 0.04387036831702944 0.11002956493480816
3 0.3360920205525772 0.5311132268647916 0.05970819994353027 0.06035684740221221
1 0.659530249576477 0.4563719200443629 0.14532499445597952 0.29754893019392786
0 0.9022113022637825 0.4020737524290414 0.03407116311182747 0.04898297077900686
0 0.6769236049510884 0.33960715989809315 0.03737817363517095 0.05216251785690744
3 0.867478528445085 0.5427299801079071 0.026456084186749607 0.02543637662320535
0 0.3562856102833473 0.26142801826064926 0.03728716837349921 0.050600017856907445
3 0.6437911284874372 0.4943395243464339 0.02829159997176518 0.030151150162155815