3 0.3417955972827768 0.2981121099041942 0.029161710344286274 0.03116146879233552
0 0.9634325282229683 0.13580345544775155 0.04157243030721922 0.0739221788782438
1 0.9440947072642434 0.3085449146291487 0.10886414554564716 0.4377257293077851
1 0.6934870720550333 0.26801733265325856 0.13447921523842776 0.36732469810012064
3 0.5311829902965352 0.36595578640758875 0.04042659255827132 0.041109678878243815
1 0.5003819127992062 0.26181051899473423 0.15208835588993336 0.46962418249628846
1 0.32517358167368016 0.23619196404263715 0.10377485226173624 0.38131195499752557
2 0.1869965137949981 0.11389648292582973 0.02825397477225655 0.04982958163720578
3 0.18713537913394224 0.28922403154634874 0.02609127404661713 0.0325601944820761
0 0.6954910600741337 0.12097855834299909 0.03812004809323426 0.0643834045679843
1 0.8203372595338289 0.356063966529028 0.2543651624206881 0.629388686114333
1 0.17875244945969504 0.23791051503800534 0.08106154935917864 0.31149742198083885
0 0.33844245190676575 0.0803513998182859 0.03655754809323426 0.06430151741285454
0 0.5078199344835707 0.07122646257229912 0.041572430307219396 0.07392217887824379