2 0.1796875 0.39444444444444443 0.1 0.35833333333333334
2 0.2625 0.38333333333333336 0.0765625 0.3138888888888889
2 0.6578125 0.4305555555555556 0.0875 0.3527777777777778
2 0.421875 0.475 0.1859375 0.5333333333333333
3 0.428125 0.2833333333333333 0.0390625 0.075
1 0.3984375 0.55 0.04375 0.044444444444444446
1 0.25 0.4305555555555556 0.0234375 0.025
1 0.153125 0.4444444444444444 0.028125 0.030555555555555555
1 0.65 0.49166666666666664 0.0265625 0.030555555555555555
0 0.428125 0.2361111111111111 0.0359375 0.044444444444444446
0 0.2640625 0.25277777777777777 0.025 0.05
0 0.1796875 0.24444444444444444 0.03125 0.05555555555555555
0 0.659375 0.2861111111111111 0.0296875 0.058333333333333334
3 0.3921875 0.25 0.04375 0.08055555555555556