1 0.13108963195520545 0.5648484470178639 0.1340628980092636 0.2956427721033236
0 0.5452860080290588 0.4162862972426554 0.03049972749876275 0.046130853919208195
0 0.11839928143480707 0.44976901629733596 0.03090916327441153 0.053943353919208195
0 0.3310221121675017 0.44124214779665144 0.03099105042954129 0.05550585391920819
3 0.5340575016974807 0.5858857434025895 0.02655585594746519 0.03041492570596276
2 0.6879681529861046 0.4175950814866801 0.02721095318850324 0.042914925705962934
3 0.6715984452750454 0.5811036520197935 0.02499335594746519 0.03036946159934022
1 0.5403384791962434 0.5404595831360328 0.10799172094004206 0.30424488229073815
1 0.4340541796712133 0.5739744282797524 0.15360519335042225 0.4303814849563052
1 0.6855690920411137 0.5377939212201234 0.11054351085413394 0.2933983105039836
1 0.32734715626546496 0.5560177016367174 0.11687539800926361 0.2951426669304743
0 0.43208332315792114 0.40319892702611115 0.042911196291098366 0.07457410266556704
3 0.421410337518558 0.6663892488128658 0.03798467887824373 0.040108174452321774