0 0.60625 0.3638888888888889 0.0375 0.06944444444444445
0 0.6734375 0.3611111111111111 0.0296875 0.06388888888888888
2 0.609375 0.5194444444444445 0.0765625 0.39166666666666666
0 0.4828125 0.3611111111111111 0.059375 0.1
0 0.2625 0.2722222222222222 0.0890625 0.16666666666666666
0 0.1796875 0.3194444444444444 0.05 0.08888888888888889
2 0.6984375 0.5111111111111111 0.109375 0.36666666666666664
0 0.7078125 0.3611111111111111 0.028125 0.05277777777777778
2 0.290625 0.5861111111111111 0.3265625 0.8
1 0.471875 0.7055555555555556 0.0515625 0.058333333333333334
1 0.69375 0.5916666666666667 0.0265625 0.030555555555555555
1 0.603125 0.5888888888888889 0.028125 0.030555555555555555
1 0.1515625 0.6361111111111111 0.04375 0.04722222222222222
1 0.2265625 0.8861111111111111 0.08125 0.1
2 0.4890625 0.6111111111111112 0.1796875 0.6638888888888889
2 0.1625 0.5555555555555556 0.0859375 0.5694444444444444
0 0.51875 0.3194444444444444 0.034375 0.06388888888888888