1 0.359375 0.5078125 0.17890625 0.58203125
3 0.69921875 0.584375 0.03359375 0.03828125
3 0.30234375 0.60703125 0.0421875 0.05078125
0 0.721875 0.2828125 0.04765625 0.07890625
0 0.05 0.3234375 0.03359375 0.06796875
0 0.35078125 0.25703125 0.0515625 0.07109375
2 0.375 0.28828125 0.0453125 0.09140625
1 0.98671875 0.3359375 0.02578125 0.05625
2 0.12734375 0.34453125 0.02734375 0.06640625
1 0.7125 0.48125 0.1390625 0.4890625
1 0.05234375 0.5109375 0.1046875 0.4515625
1 0.128125 0.471875 0.08671875 0.334375
1 0.965625 0.484375 0.06640625 0.359375