2 0.40546875 0.28671875 0.04609375 0.08125
1 0.04453125 0.4140625 0.0890625 0.35
1 0.47265625 0.43125 0.0859375 0.3734375
3 0.36953125 0.6265625 0.05 0.053125
3 0.14453125 0.95859375 0.09609375 0.0734375
3 0.74140625 0.39140625 0.01796875 0.01953125
0 0.46796875 0.28046875 0.0359375 0.06171875
0 0.221875 0.2734375 0.10234375 0.18203125
1 0.409375 0.5125 0.15234375 0.60078125
1 0.26015625 0.584375 0.35546875 0.81484375
3 0.653125 0.37890625 0.01640625 0.01796875
0 0.7484375 0.26875 0.01953125 0.03359375
1 0.75 0.36171875 0.0515625 0.22109375
0 0.396875 0.25078125 0.05234375 0.06796875
1 0.65625 0.3484375 0.04765625 0.20859375
0 0.6546875 0.26171875 0.01796875 0.03359375
0 0.03359375 0.271875 0.0296875 0.06015625