2 0.3546875 0.49166666666666664 0.0578125 0.20555555555555555
0 0.5171875 0.34444444444444444 0.03125 0.05555555555555555
1 0.7578125 0.5805555555555556 0.028125 0.027777777777777776
0 0.75625 0.37777777777777777 0.0328125 0.058333333333333334
1 0.51875 0.6222222222222222 0.0328125 0.03611111111111111
2 0.159375 0.5222222222222223 0.0734375 0.26944444444444443
2 0.7703125 0.5277777777777778 0.1 0.36666666666666664
2 0.53125 0.5416666666666666 0.125 0.44722222222222224
0 0.525 0.39444444444444443 0.0328125 0.06666666666666667
0 0.1640625 0.4083333333333333 0.021875 0.041666666666666664
0 0.353125 0.4111111111111111 0.0171875 0.03888888888888889