2 0.39765625 0.29140625 0.02890625 0.05859375
1 0.5890625 0.415625 0.09375 0.35234375
1 0.41953125 0.4375 0.11015625 0.390625
1 0.83125 0.40859375 0.06015625 0.246875
1 0.74921875 0.403125 0.096875 0.29140625
1 0.05546875 0.53046875 0.1109375 0.73046875
3 0.590625 0.47421875 0.02578125 0.028125
0 0.42421875 0.275 0.0359375 0.065625
0 0.82890625 0.30625 0.02265625 0.0390625
3 0.4046875 0.503125 0.0296875 0.03125
0 0.753125 0.28203125 0.025 0.04609375
0 0.57890625 0.2921875 0.0265625 0.04921875
3 0.8171875 0.4390625 0.01796875 0.01953125
0 0.58828125 0.2640625 0.02890625 0.04609375
0 0.02421875 0.25546875 0.0484375 0.1140625
3 0.71796875 0.4453125 0.02421875 0.0265625