1 0.1045550864451636 0.5142872859796455 0.2091101728903272 0.8191995719592908
1 0.8194502402640627 0.6466418294028888 0.3519356103845606 0.7067163411942223
1 0.3826593522767715 0.6089278136871231 0.25809233278842036 0.5646961625298313
1 0.2522508778443167 0.5098096093866782 0.17203428165332993 0.37490160835322095
0 0.09669990178700887 0.19372007485477488 0.11525462743398433 0.1630522717116217
0 0.43242139326559226 0.4009184145967459 0.060956865259119655 0.09339043507002262
3 0.7450955280097677 0.9726521155896766 0.08266822402541774 0.05469576882064686
3 0.3264212146965174 0.7400108397419711 0.05265344155801355 0.06490156203449331
0 0.29445378896352115 0.3765091118678775 0.04818412986961631 0.07718323821317571
0 0.9409878697266418 0.4261690492097025 0.10771486282348804 0.17831339867609247
1 0.45105084213050173 0.587874759096228 0.20393093830830752 0.5028468258882322
2 0.49042480803824456 0.39267357505966266 0.051254582791715644 0.07420378742738745