0 0.61875 0.26953125 0.02578125 0.046875
1 0.5078125 0.40078125 0.09140625 0.32890625
1 0.38046875 0.38125 0.08359375 0.3
1 0.653125 0.41640625 0.09140625 0.35
3 0.49375 0.48359375 0.02421875 0.03046875
3 0.6390625 0.46953125 0.02734375 0.0296875
0 0.3828125 0.259375 0.025 0.0515625
0 0.0328125 0.3359375 0.065625 0.184375
0 0.50546875 0.26015625 0.028125 0.04609375
2 0.51484375 0.2828125 0.02578125 0.05
0 0.6515625 0.26953125 0.02734375 0.05078125
3 0.6078125 0.434375 0.01953125 0.025
1 0.60859375 0.3859375 0.04453125 0.2890625