1 0.5728213014860141 0.6033172893220143 0.4445591368892682 0.16174542553055601
1 0.6063550853987449 0.5190338615103477 0.3501883986760923 0.11272473765090307
1 0.6135189602963009 0.32097822121774355 0.3173758986760925 0.11196101823611145
0 0.7482707576484859 0.5332626285121881 0.05465326674922295 0.03404899810013902
3 0.5130289245215434 0.6097296370615629 0.03917381596343468 0.036810322188333446
2 0.7567789245215434 0.6154029812857298 0.06104881596343468 0.03731946846486132
3 0.5535939584342742 0.5256098634102088 0.03263271753501122 0.030414851823611144
1 0.6153619042576637 0.44432480223979215 0.2554195541766104 0.08866768218006964
0 0.7411174214211714 0.3294109298989589 0.04982021753501122 0.030814895326597203
0 0.7179603653825343 0.4521756294621186 0.043351893713693815 0.02598192496187508
3 0.5255823126536658 0.3095666361116324 0.03397689371369381 0.02576371941479163
3 0.5687052280789813 0.4479212745043755 0.025946069892376043 0.020894381458888844