2 0.3546875 0.5305555555555556 0.06875 0.375
0 0.40625 0.36666666666666664 0.0296875 0.05277777777777778
0 0.271875 0.30277777777777776 0.0484375 0.09166666666666666
1 0.25625 0.6333333333333333 0.040625 0.05
1 0.40625 0.5694444444444444 0.0234375 0.027777777777777776
1 0.1296875 0.5444444444444444 0.0296875 0.030555555555555555
0 0.146875 0.3333333333333333 0.0359375 0.06111111111111111
2 0.415625 0.5027777777777778 0.0796875 0.325
2 0.1515625 0.49166666666666664 0.1 0.38055555555555554
2 0.275 0.5472222222222223 0.1375 0.5833333333333334
0 0.35 0.37777777777777777 0.028125 0.058333333333333334