0 0.09765625 0.13671875 0.028125 0.04453125
0 0.19765625 0.09140625 0.03828125 0.07890625
0 0.8296875 0.153125 0.02265625 0.04453125
0 0.5484375 0.12109375 0.04140625 0.071875
0 0.64296875 0.1296875 0.02890625 0.04609375
1 0.2828125 0.43515625 0.23125 0.8703125
1 0.646875 0.26796875 0.07890625 0.32890625
1 0.54921875 0.3140625 0.12578125 0.46328125
1 0.821875 0.26328125 0.06328125 0.2703125
3 0.81875 0.32265625 0.021875 0.0265625
3 0.5359375 0.4265625 0.03671875 0.0453125
3 0.63203125 0.315625 0.0234375 0.03046875
1 0.0921875 0.26328125 0.10703125 0.3234375
1 0.18046875 0.28046875 0.0796875 0.48203125