1 0.6730946707592101 0.6280835128208686 0.14908395725634715 0.38310605357097244
1 0.7943742522394952 0.528576434932952 0.28844748086766875 0.7066189015948613
0 0.8467554054375078 0.8047583816463201 0.07883404800821019 0.12369337955902786
3 0.8086453096174793 0.43048442704916734 0.05664088544042371 0.06849673328249999
0 0.698172459692234 0.7763034604841673 0.042542024004105096 0.06191942496187508
3 0.6718179961893711 0.5429090790252783 0.03460225897699054 0.03986258700597212
1 0.9106264870159888 0.6390801366803133 0.11897830073868469 0.3105400693385418
3 0.9142327551663614 0.5876085556582646 0.026726126463433177 0.02874324905006951
0 0.7349184807694729 0.7818455988769103 0.03468407220870695 0.053925087005972296
2 0.9300991705628185 0.7637352977744799 0.02996021077238851 0.04756598423243048
3 0.5651321798343965 0.5997928990294102 0.025181807181592398 0.03183188145888884
1 0.5764969267111384 0.6734849721676741 0.11264648750696829 0.2963320989738195
0 0.597463932564871 0.7864577508530214 0.03624657220870695 0.05396145459715278