1 0.13334698817418295 0.3439330252088709 0.243773857718385 0.1253660504177419
1 0.5620130880210835 0.8145691773763177 0.8699675790866539 0.37086164524736454
1 0.2201651917479548 0.5221800420147849 0.3437393656270504 0.1668770711779885
1 0.10937097729976804 0.2914791872621495 0.19925985376405228 0.10483337452429894
3 0.723327272811775 0.9264191448274349 0.10050401878308043 0.0930098537640525
0 0.0888806996566202 0.5542683473382617 0.05309050790866539 0.03960101087441501
3 0.2647919422422464 0.5263383014063251 0.03408583992388783 0.032587006920082116
2 0.2576677807204405 0.944882712965312 0.14945085475263545 0.1074835306460784
3 0.18087590418179417 0.3427498685927999 0.02595500494291585 0.024456171939110226
0 0.021072481254100734 0.3066001684790692 0.018206171939110262 0.025700336958138337
0 0.03442932710948761 0.3664208374524299 0.040335839923887826 0.032841674904859806
3 0.13590164380167086 0.2917802761974541 0.022702670950527092 0.021203837946721472
0 0.24599545167096756 0.9589876808363588 0.1488778517868859 0.08202463832728242
2 0.12279012604435473 0.6016672707602467 0.044896005931499075 0.029907675893442943
1 0.19708978908621644 0.5875357865775774 0.2037563527754691 0.10033687551288217