1 0.4191722341648824 0.17204612559056318 0.6991555316702351 0.34409225118112635
1 0.6201494316449647 0.62768344574668 0.38781355172849497 0.18524310707105976
1 0.5784489796125358 0.424660138667771 0.28350648495630537 0.14101690271722322
3 0.5627772008452945 0.6413937708817562 0.03850021034569906 0.035684528855940555
0 0.6625621844814515 0.03474078267339668 0.11946070533113406 0.06948156534679337
2 0.7907537851684616 0.7458183429367896 0.07167642319868044 0.04933036660488845
0 0.651650798892008 0.4033729265093863 0.052517246239076346 0.03461310217691822
0 0.6854491373718101 0.3951685569092729 0.052517246239076346 0.034613102176918174
3 0.5734322413575255 0.8384771020072822 0.03850021034569906 0.035684528855940555
1 0.6215036799956121 0.768898722788522 0.4490071159934022 0.2498165277596323
2 0.7732206073509275 0.5973634847694215 0.06694345909205772 0.04760417549789597