1 0.884146032905145 0.5770486613986245 0.19158322817613146 0.5049590577372159
3 0.1985227934205947 0.5515569817959101 0.03296963025772479 0.03463260523343692
3 0.42142802691225134 0.5486994793768356 0.029844630257724703 0.03445059471009326
3 0.6031206829505736 0.678312842714542 0.05410100180902226 0.05144067363517095
0 0.44494517130347033 0.3526134346526249 0.035596663274411536 0.055036110495108835
0 0.9447504194944478 0.37179274302512544 0.050314260515449405 0.06835515785015547
0 0.6339600836733708 0.312786553252003 0.06765889077317447 0.10207771046687393
0 0.23001289009580583 0.33709266339417604 0.04538109905006031 0.06339464206513998
1 0.4158231580744872 0.4921687583160308 0.13972639981828597 0.3477234104104042
1 0.19509790027257115 0.49801475284259744 0.1675105630926975 0.4023044945971538
1 0.5935553324301752 0.5635978953312604 0.2702548620519007 0.6388327997741211