2 0.70625 0.41944444444444445 0.0671875 0.2833333333333333
1 0.703125 0.46944444444444444 0.021875 0.027777777777777776
2 0.346875 0.49166666666666664 0.1921875 0.6888888888888889
0 0.3375 0.2 0.059375 0.1
2 0.5484375 0.4444444444444444 0.1328125 0.4
2 0.2265625 0.39166666666666666 0.08125 0.3333333333333333
3 0.5296875 0.28055555555555556 0.03125 0.06388888888888888
0 0.234375 0.25555555555555554 0.028125 0.05277777777777778
0 0.259375 0.25555555555555554 0.0234375 0.044444444444444446
0 0.5546875 0.28055555555555556 0.028125 0.06666666666666667
1 0.209375 0.4388888888888889 0.0265625 0.027777777777777776
1 0.30625 0.5805555555555556 0.0546875 0.06111111111111111
1 0.5328125 0.5055555555555555 0.03125 0.03611111111111111
0 0.7078125 0.30277777777777776 0.025 0.044444444444444446