0 0.14609375 0.08984375 0.04140625 0.071875
3 0.69765625 0.278125 0.02421875 0.0265625
3 0.82890625 0.2859375 0.021875 0.0265625
3 0.3890625 0.34453125 0.04453125 0.04140625
2 0.834375 0.12890625 0.02421875 0.04375
1 0.24765625 0.23671875 0.09609375 0.26875
0 0.4234375 0.06171875 0.04140625 0.07421875
1 0.4296875 0.2609375 0.13203125 0.4765625
1 0.590625 0.2359375 0.0984375 0.37578125
1 0.1359375 0.25859375 0.14921875 0.41796875
1 0.709375 0.2265625 0.0703125 0.3234375
1 0.83359375 0.23984375 0.065625 0.27421875
0 0.70703125 0.09296875 0.02890625 0.05390625
3 0.56484375 0.31796875 0.03046875 0.03203125
0 0.24765625 0.128125 0.02421875 0.04609375
0 0.590625 0.08046875 0.0328125 0.06015625