2 0.55 0.4888888888888889 0.0765625 0.33055555555555555
3 0.4265625 0.3388888888888889 0.0328125 0.058333333333333334
2 0.446875 0.5222222222222223 0.0828125 0.43333333333333335
0 0.54375 0.3472222222222222 0.0265625 0.041666666666666664
0 0.5453125 0.3638888888888889 0.028125 0.04722222222222222
1 0.3515625 0.6722222222222223 0.040625 0.05277777777777778
1 0.5421875 0.5361111111111111 0.0234375 0.030555555555555555
1 0.25 0.5472222222222223 0.028125 0.025
0 0.359375 0.33055555555555555 0.046875 0.10277777777777777
2 0.25625 0.48055555555555557 0.0875 0.39166666666666666
2 0.3578125 0.5555555555555556 0.140625 0.5833333333333334
0 0.2609375 0.3194444444444444 0.034375 0.06388888888888888