0 0.06875 0.4361111111111111 0.0265625 0.05277777777777778
3 0.5015625 0.4083333333333333 0.0265625 0.05277777777777778
2 0.2796875 0.5194444444444445 0.0625 0.23333333333333334
2 0.7625 0.5416666666666666 0.0953125 0.36944444444444446
2 0.675 0.5333333333333333 0.1 0.3333333333333333
2 0.503125 0.5472222222222223 0.0859375 0.3416666666666667
2 0.0609375 0.5555555555555556 0.0953125 0.2916666666666667
0 0.7796875 0.41388888888888886 0.0359375 0.058333333333333334
1 0.746875 0.6 0.028125 0.030555555555555555
1 0.4953125 0.6 0.025 0.030555555555555555
3 0.4609375 0.4 0.01875 0.03333333333333333
2 0.459375 0.5055555555555555 0.04375 0.2361111111111111
0 0.6921875 0.4 0.025 0.058333333333333334
0 0.28125 0.425 0.0203125 0.03888888888888889