0 0.70625 0.3638888888888889 0.025 0.05
2 0.2453125 0.5472222222222223 0.171875 0.5611111111111111
0 0.0578125 0.29444444444444445 0.0546875 0.10833333333333334
2 0.53125 0.5944444444444444 0.171875 0.5944444444444444
0 0.5203125 0.34444444444444444 0.05 0.09722222222222222
1 0.2296875 0.6805555555555556 0.0390625 0.05
1 0.4375 0.5666666666666667 0.028125 0.03611111111111111
1 0.040625 0.6527777777777778 0.0375 0.044444444444444446
1 0.5125 0.6916666666666667 0.0453125 0.05555555555555555
3 0.23125 0.33055555555555555 0.0375 0.08055555555555556
2 0.4421875 0.5111111111111111 0.0703125 0.3861111111111111
0 0.446875 0.35 0.034375 0.058333333333333334
2 0.6265625 0.5 0.08125 0.36944444444444446
0 0.625 0.3527777777777778 0.0328125 0.06388888888888888
1 0.6265625 0.5638888888888889 0.0203125 0.030555555555555555
1 0.6734375 0.55 0.0203125 0.027777777777777776
1 0.7171875 0.5444444444444444 0.0234375 0.025
0 0.7328125 0.36944444444444446 0.0234375 0.05555555555555555
0 0.6734375 0.37222222222222223 0.0328125 0.06388888888888888
0 0.2546875 0.3333333333333333 0.028125 0.08611111111111111
0 0.571875 0.36944444444444446 0.040625 0.06944444444444445
0 0.4890625 0.35555555555555557 0.025 0.058333333333333334
2 0.728125 0.48055555555555557 0.0671875 0.2916666666666667
2 0.68125 0.4861111111111111 0.05 0.3138888888888889