1 0.36171875 0.38359375 0.07890625 0.284375
1 0.721875 0.41953125 0.0796875 0.3265625
1 0.4796875 0.44296875 0.12421875 0.45
1 0.08671875 0.41171875 0.11171875 0.38515625
0 0.4578125 0.25625 0.03828125 0.0765625
0 0.49453125 0.26171875 0.03046875 0.053125
0 0.09609375 0.253125 0.0328125 0.06171875
3 0.44765625 0.50859375 0.03359375 0.0359375
1 0.0296875 0.40546875 0.059375 0.3265625
1 0.2828125 0.3859375 0.06953125 0.21328125
3 0.71015625 0.46484375 0.025 0.028125
0 0.03046875 0.27265625 0.02734375 0.0546875
0 0.36484375 0.26953125 0.02578125 0.0515625
0 0.7171875 0.284375 0.0265625 0.05078125
0 0.2828125 0.3015625 0.01953125 0.03984375