1 0.5875 0.6444444444444445 0.0203125 0.027777777777777776
0 0.478125 0.4166666666666667 0.0265625 0.058333333333333334
0 0.0125 0.3638888888888889 0.025 0.09722222222222222
2 0.375 0.6083333333333333 0.10625 0.6055555555555555
2 0.11875 0.5972222222222222 0.2359375 0.7861111111111111
1 0.05 0.85 0.0734375 0.07777777777777778
0 0.109375 0.28055555555555556 0.090625 0.14166666666666666
0 0.3984375 0.35555555555555557 0.0453125 0.08333333333333333
2 0.4640625 0.6611111111111111 0.15 0.625
2 0.6015625 0.5833333333333334 0.071875 0.3638888888888889
0 0.590625 0.4305555555555556 0.0328125 0.05555555555555555
2 0.54375 0.6027777777777777 0.06875 0.3972222222222222
0 0.5359375 0.4388888888888889 0.034375 0.05555555555555555
0 0.44375 0.4083333333333333 0.05 0.09166666666666666
1 0.371875 0.7083333333333334 0.0375 0.05
1 0.5484375 0.6694444444444444 0.0296875 0.03333333333333333
1 0.428125 0.7472222222222222 0.0453125 0.05