2 0.764439229020957 0.08288164731619141 0.08309430113146803 0.04988299756436802
2 0.7486268348981306 0.38341743546563833 0.06586134933607006 0.0417704886359143
0 0.7736000847017388 0.25415267531936864 0.06742384933607007 0.0417977621748646
3 0.5324256388582691 0.21009516355154112 0.0361102168225127 0.03031479139585782
1 0.5581210513278598 0.09100029017474653 0.5837578973442803 0.1726730300284768
0 0.8048460604030462 0.12109075932890026 0.047029536104353654 0.027380706168510204
3 0.46472557533196496 0.02842637783772614 0.05179884933607006 0.04152502678536122
1 0.533892169207086 0.3609173238599666 0.519722668421519 0.17624231493151282
1 0.6119449672152962 0.24039236403800843 0.4006999576491307 0.12729452597128707
3 0.45668931977282 0.3353485336819248 0.045539758976990544 0.03985343262955983
0 0.8152159338414172 0.08454928733207748 0.058085210772388506 0.04788412094116259