0 0.33559036976974943 0.6817802233636163 0.046349210344286185 0.029951120413308985
1 0.5376786263083534 0.4047672297083281 0.8425099700477512 0.37201448067127707
1 0.49511668110982754 0.841822322994274 0.2632490228654909 0.11244649960721631
1 0.45236864200226795 0.6693796964326448 0.2933184687818066 0.12355671642972936
0 0.39105666368663244 0.8604001270526084 0.04160714664195542 0.02836134933607006
3 0.6596974700477511 0.3634240913410383 0.0743849303072194 0.07229315651766247
2 0.21316226514576045 0.4652608647559681 0.12794643992586624 0.08510222872636941
3 0.5048115957231323 0.6495393742239379 0.03061508293962447 0.026735216822512696
3 0.5218602303841882 0.8244757417103805 0.022638891832631812 0.02200226502711473
1 0.3654266256753812 0.28308819330938695 0.2918105324841376 0.12511012607064967
0 0.2536905175080132 0.3056176991631195 0.051145837748947987 0.03310339149054773