3 0.29609375 0.53125 0.040625 0.04921875
1 0.32421875 0.45 0.13359375 0.53359375
1 0.5296875 0.41171875 0.07265625 0.31328125
0 0.31171875 0.225 0.04765625 0.07578125
2 0.53203125 0.28203125 0.0265625 0.04921875
3 0.5203125 0.4546875 0.02421875 0.02578125
1 0.21796875 0.3890625 0.071875 0.221875
0 0.22265625 0.29921875 0.01953125 0.03984375
0 0.83984375 0.29453125 0.01796875 0.03671875
1 0.84140625 0.396875 0.0734375 0.2453125
0 0.82890625 0.29765625 0.01796875 0.03828125
3 0.8234375 0.43984375 0.01796875 0.0234375