1 0.34539638268644957 0.25240483349059056 0.245188131037097 0.10876197663298628
0 0.25643683425666 0.36119664561093767 0.044477425705962935 0.026018292553055565
3 0.4374812119285446 0.6534965144363892 0.02407399749271768 0.02242051386770836
0 0.2513652378592991 0.2673920942241669 0.042914925705962934 0.02598192496187508
0 0.23246682218246603 0.1545284183123613 0.04599446159934022 0.024492160144236143
0 0.28577395942126216 0.6718256742962849 0.04296038981258565 0.02754442496187508
1 0.4047619886507219 0.5754435964083683 0.3628757362099464 0.12867704597152815
1 0.35901626497718775 0.3448469066288545 0.2621483105039836 0.10134952013597243
0 0.2592138079301941 0.5907932266329864 0.06037521034569897 0.035756968464861316
3 0.47374766937124974 0.5583119542159032 0.035284282132453625 0.0320500870059723
1 0.3932227465682807 0.6618350380877434 0.27317673871722886 0.10472909327423637