0 0.553125 0.4 0.0234375 0.04722222222222222
0 0.421875 0.35 0.0234375 0.041666666666666664
1 0.3859375 0.65 0.034375 0.041666666666666664
0 0.403125 0.36666666666666664 0.040625 0.075
2 0.3515625 0.5333333333333333 0.0625 0.41944444444444445
1 0.1046875 0.625 0.0375 0.041666666666666664
0 0.3640625 0.36944444444444446 0.03125 0.05555555555555555
1 0.553125 0.5555555555555556 0.021875 0.027777777777777776
2 0.55625 0.5083333333333333 0.0625 0.26944444444444443
0 0.121875 0.33611111111111114 0.04375 0.08055555555555556
2 0.4015625 0.5555555555555556 0.109375 0.4638888888888889
1 0.353125 0.6 0.01875 0.030555555555555555
2 0.1265625 0.5361111111111111 0.125 0.5