1 0.278125 0.5222222222222223 0.021875 0.025
2 0.1703125 0.5722222222222222 0.1875 0.7055555555555556
2 0.040625 0.4777777777777778 0.0796875 0.34444444444444444
0 0.159375 0.28055555555555556 0.0578125 0.1111111111111111
2 0.428125 0.5361111111111111 0.1453125 0.4583333333333333
0 0.04375 0.33611111111111114 0.03125 0.05555555555555555
1 0.046875 0.5444444444444444 0.025 0.030555555555555555
2 0.2921875 0.4722222222222222 0.0625 0.2916666666666667
0 0.296875 0.35 0.025 0.04722222222222222
1 0.1421875 0.6777777777777778 0.05625 0.058333333333333334
1 0.4265625 0.6111111111111112 0.034375 0.03888888888888889
0 0.4390625 0.34444444444444444 0.034375 0.05555555555555555