3 0.519631967133681 0.5048581332991242 0.03510235182361114 0.03144998789975162
0 0.6949170289696877 0.21395535646634878 0.05225348423243066 0.02998748184962734
0 0.7506273939954171 0.4925752601553409 0.06337282218833344 0.03786361436318479
0 0.6742967108654169 0.2679888714934634 0.042769381458888846 0.025245439695149675
0 0.750884579975209 0.6379059408735002 0.03651938145888885 0.02520907825883114
1 0.5902308353904516 0.28176100088376277 0.22227634992375017 0.08565674063022613
0 0.7307876726807644 0.5130059348233759 0.06962282218833345 0.03789997579950324
3 0.5940715355222922 0.6481945219610016 0.02391027868534721 0.020448855386194252
1 0.5861836874984032 0.5107217930382404 0.40981402393569455 0.15548849336070064
1 0.5795466021079516 0.22556554303824047 0.2963320989738197 0.11264648750696811
1 0.6409283517267019 0.6471405611886131 0.2662081878796528 0.0937237706844554