3 0.4046875 0.16666666666666666 0.0421875 0.09166666666666666
0 0.296875 0.21944444444444444 0.0328125 0.06111111111111111
0 0.63125 0.175 0.0328125 0.058333333333333334
0 0.1921875 0.16944444444444445 0.04375 0.08333333333333333
1 0.4109375 0.4888888888888889 0.040625 0.05
0 0.146875 0.15555555555555556 0.0625 0.11388888888888889
2 0.296875 0.36666666666666664 0.090625 0.3638888888888889
2 0.43125 0.39444444444444443 0.1515625 0.5527777777777778
2 0.6390625 0.3333333333333333 0.09375 0.38333333333333336
2 0.1671875 0.4666666666666667 0.203125 0.7333333333333333
1 0.625 0.4166666666666667 0.0265625 0.03611111111111111
1 0.1046875 0.5722222222222222 0.059375 0.06111111111111111
0 0.43125 0.1638888888888889 0.0265625 0.07777777777777778