2 0.3796875 0.575 0.1671875 0.5833333333333334
1 0.353125 0.6833333333333333 0.0453125 0.041666666666666664
0 0.553125 0.38055555555555554 0.0265625 0.04722222222222222
0 0.0703125 0.375 0.0390625 0.058333333333333334
0 0.378125 0.3333333333333333 0.05 0.08888888888888889
0 0.7625 0.375 0.034375 0.05555555555555555
2 0.5609375 0.5138888888888888 0.084375 0.31666666666666665
2 0.7734375 0.5277777777777778 0.103125 0.36666666666666664
1 0.7609375 0.5805555555555556 0.028125 0.027777777777777776
2 0.0765625 0.575 0.1515625 0.46111111111111114
1 0.546875 0.5666666666666667 0.025 0.027777777777777776