3 0.48725449645662094 0.24463507873167883 0.04187996515360979 0.0364102146721816
3 0.47015385352768063 0.6270930427275426 0.06926092068857255 0.0601567973424542
0 0.7017311695074462 0.14717137476126835 0.06876984736759476 0.04609429734245411
1 0.6261881210356938 0.9306789300206809 0.583090296912108 0.13864213995863822
0 0.8584649076961826 0.9455463347787674 0.10180060217691818 0.05272610534690827
3 0.5082193048014741 0.4424549607335878 0.043497028855940555 0.03799089600572696
0 0.7117435757680484 0.18789637209576832 0.07658234736759476 0.04618520401018138
2 0.8149827146902735 0.5725355487746314 0.1116666754978958 0.06689769334818116
1 0.5419494309401915 0.20075835673931483 0.440431570958725 0.17849191072563367
2 0.7443824940943682 0.4069372734324954 0.0751835384745874 0.050854522676635885
1 0.5513840061600858 0.5827441534054512 0.6657440842055689 0.27951116008908683
1 0.5897594814804965 0.4293469807447237 0.40761907095872496 0.17811010272117933