1 0.8296875 0.409375 0.0609375 0.24765625
1 0.5625 0.41015625 0.0859375 0.3203125
1 0.290625 0.52421875 0.1765625 0.64921875
1 0.3765625 0.42265625 0.08984375 0.38671875
0 0.2875 0.25234375 0.05546875 0.09765625
1 0.9515625 0.4359375 0.096875 0.46875
3 0.2484375 0.5953125 0.05390625 0.05859375
3 0.546875 0.459375 0.0234375 0.028125
0 0.5625 0.2734375 0.0265625 0.04296875
0 0.3703125 0.265625 0.03359375 0.06171875
0 0.2546875 0.28046875 0.02578125 0.0546875
0 0.82734375 0.30546875 0.02265625 0.03984375
1 0.46875 0.3875 0.05625 0.1984375
0 0.47109375 0.3046875 0.01640625 0.03203125
3 0.8171875 0.4390625 0.01796875 0.01875
0 0.9875 0.23984375 0.02421875 0.06171875
3 0.92265625 0.51484375 0.0328125 0.03828125