0 0.564722834619684 0.3196037930134679 0.03506589067472703 0.060976041356328815
3 0.9443252345640047 0.711857489665427 0.07603633601209055 0.09255568114108108
3 0.7145479225811858 0.5960656315170938 0.05067270934118149 0.060141287427387266
3 0.5012854012571853 0.5372857526905964 0.033248852005090514 0.03902826674922295
1 0.6788655085932762 0.5087133347840815 0.2275668520846324 0.6336987196019258
1 0.48556095126513943 0.47945613606520787 0.14377146538827007 0.4111644400324213
1 0.5694092399347757 0.45368769458504443 0.12262262404517976 0.33834337014004523
1 0.7695910532702301 0.42874754487549466 0.11964307471354338 0.35069782092583346
0 0.7595449859564111 0.28554335442878864 0.03339430267345413 0.05152826674922295
1 0.8529206265913671 0.5146614660917784 0.2907406561107222 0.8287244292790543
0 0.632337595958002 0.27975573490791605 0.03519316000954511 0.07191354135632881
2 0.6583642939608654 0.2574612038906694 0.05408861067790856 0.08528683664159917
0 0.470355216621593 0.3099441567433723 0.03482953333863605 0.0406635413563289
0 0.4761779552832751 0.34637180831494885 0.03971702800763595 0.0580693651776464
3 0.582126868594867 0.5015066104246447 0.02692612667090888 0.032487168320799495
0 0.8541313272995016 0.2093018780024372 0.09536813868554468 0.14342897642635144