0 0.4109375 0.35546875 0.02890625 0.05546875
3 0.0828125 0.80390625 0.06484375 0.0796875
3 0.29453125 0.6515625 0.04375 0.0515625
3 0.496875 0.55859375 0.02890625 0.034375
1 0.3203125 0.5609375 0.1453125 0.6015625
1 0.50546875 0.5 0.0890625 0.39296875
1 0.42109375 0.48828125 0.07890625 0.3203125
1 0.22265625 0.49609375 0.0734375 0.33515625
0 0.2171875 0.3546875 0.0265625 0.04609375
1 0.12109375 0.59921875 0.2421875 0.78359375
0 0.340625 0.328125 0.0265625 0.06640625
2 0.3125 0.309375 0.0421875 0.078125
0 0.50234375 0.33046875 0.02890625 0.03515625
0 0.5 0.3671875 0.0328125 0.053125
3 0.41328125 0.5375 0.0234375 0.0265625
0 0.115625 0.29453125 0.0765625 0.13046875