2 0.046875 0.5361111111111111 0.09375 0.6305555555555555
0 0.2375 0.33055555555555555 0.0390625 0.06944444444444445
0 0.125 0.325 0.028125 0.04722222222222222
0 0.4015625 0.34444444444444444 0.0328125 0.05555555555555555
1 0.2171875 0.5722222222222222 0.0359375 0.041666666666666664
1 0.1203125 0.5444444444444444 0.028125 0.030555555555555555
1 0.3015625 0.5333333333333333 0.0234375 0.027777777777777776
1 0.3859375 0.5944444444444444 0.03125 0.03333333333333333
0 0.1484375 0.33055555555555555 0.025 0.05
0 0.265625 0.3388888888888889 0.0234375 0.058333333333333334
0 0.0234375 0.2611111111111111 0.046875 0.05555555555555555
2 0.9828125 0.6333333333333333 0.03125 0.725
2 0.1359375 0.48055555555555557 0.1 0.3638888888888889
2 0.321875 0.49166666666666664 0.0671875 0.3138888888888889
2 0.2375 0.5055555555555555 0.1109375 0.44166666666666665
2 0.3984375 0.5166666666666667 0.1 0.4083333333333333
0 0.31875 0.35833333333333334 0.025 0.04722222222222222