2 0.8390625 0.5 0.11875 0.44166666666666665
2 0.95625 0.48333333333333334 0.0828125 0.3638888888888889
1 0.7625 0.5111111111111111 0.0203125 0.025
1 0.415625 0.5944444444444444 0.0328125 0.03888888888888889
1 0.821875 0.5805555555555556 0.03125 0.03611111111111111
0 0.8328125 0.3111111111111111 0.0375 0.06388888888888888
0 0.784375 0.33611111111111114 0.025 0.044444444444444446
0 0.975 0.33611111111111114 0.034375 0.06388888888888888
2 0.771875 0.46111111111111114 0.059375 0.30277777777777776
2 0.440625 0.48055555555555557 0.1203125 0.4666666666666667
0 0.44375 0.28888888888888886 0.0390625 0.08055555555555556