0 0.715625 0.15555555555555556 0.028125 0.05277777777777778
1 0.0984375 0.3194444444444444 0.0234375 0.025
0 0.3515625 0.1527777777777778 0.028125 0.05277777777777778
0 0.559375 0.14166666666666666 0.0234375 0.044444444444444446
2 0.5546875 0.25555555555555554 0.059375 0.28055555555555556
2 0.796875 0.2722222222222222 0.0484375 0.26666666666666666
2 0.8375 0.2777777777777778 0.0546875 0.28888888888888886
0 0.8390625 0.15833333333333333 0.025 0.04722222222222222
0 0.8046875 0.16111111111111112 0.021875 0.03888888888888889
0 0.6203125 0.11944444444444445 0.0359375 0.075
0 0.434375 0.14444444444444443 0.028125 0.058333333333333334
0 0.1203125 0.14166666666666666 0.025 0.04722222222222222
2 0.121875 0.275 0.0859375 0.31666666666666665
2 0.3453125 0.26944444444444443 0.075 0.2916666666666667
2 0.4359375 0.26666666666666666 0.078125 0.30277777777777776
2 0.6171875 0.2861111111111111 0.096875 0.4111111111111111
2 0.7125 0.26944444444444443 0.0765625 0.3111111111111111
1 0.5984375 0.38055555555555554 0.0328125 0.03888888888888889
1 0.828125 0.325 0.0234375 0.025
1 0.7109375 0.32222222222222224 0.025 0.030555555555555555
1 0.7953125 0.3194444444444444 0.021875 0.030555555555555555