3 0.5296565225012373 0.04027657792374696 0.09364818068726599 0.08055315584749392
2 0.23807329432510588 0.535974861608967 0.056734678878243724 0.04001707386326192
0 0.2617697438955645 0.5901987114468112 0.05352779172311406 0.03840002678536116
0 0.09618120194530788 0.20516301258190167 0.17373847241038015 0.12791826866768635
1 0.3904889654014335 0.48726285186973445 0.3921476356847918 0.18480701704283325
1 0.385159656265465 0.5591651254086847 0.3148547953411587 0.13974788717321704
1 0.45390625 0.1874590896915745 0.9078125 0.374918179383149
3 0.4438153612629906 0.46759918831489794 0.03617651741285464 0.034975017856907445
1 0.4221606100197951 0.7169679427791248 0.3024366824962884 0.1410921988616142
0 0.30493881049476496 0.74945493466145 0.0534459045679843 0.03683752678536116
3 0.42939765716997613 0.5341963530875503 0.0309976944820761 0.025518197240056394
3 0.5037757801916116 0.6936883555231823 0.03741146879233561 0.028752291395857908