2 0.671875 0.4222222222222222 0.1796875 0.6833333333333333
2 0.7671875 0.3138888888888889 0.075 0.325
0 0.6796875 0.13333333333333333 0.0640625 0.11388888888888889
0 0.4328125 0.18055555555555555 0.0375 0.06944444444444445
1 0.75625 0.36944444444444446 0.025 0.027777777777777776
0 0.7625 0.17777777777777778 0.025 0.04722222222222222
3 0.034375 0.16944444444444445 0.065625 0.10555555555555556
2 0.446875 0.375 0.1125 0.4638888888888889
3 0.2859375 0.21944444444444444 0.0265625 0.058333333333333334
2 0.2875 0.36666666666666664 0.0921875 0.3527777777777778
1 0.421875 0.46111111111111114 0.034375 0.041666666666666664
1 0.6234375 0.5277777777777778 0.0515625 0.05277777777777778
2 0.078125 0.49166666666666664 0.15625 0.7583333333333333