1 0.9546875 0.5527777777777778 0.028125 0.027777777777777776
1 0.609375 0.5611111111111111 0.0296875 0.03611111111111111
1 0.484375 0.6388888888888888 0.04375 0.04722222222222222
0 0.1796875 0.25277777777777777 0.075 0.1361111111111111
0 0.528125 0.28888888888888886 0.0546875 0.10277777777777777
1 0.1078125 0.7972222222222223 0.0625 0.08055555555555556
2 0.184375 0.5861111111111111 0.26875 0.8027777777777778
3 0.69375 0.33055555555555555 0.028125 0.05277777777777778
2 0.709375 0.475 0.0734375 0.35555555555555557
2 0.3125 0.475 0.08125 0.2833333333333333
2 0.6453125 0.49444444444444446 0.115625 0.4305555555555556
2 0.521875 0.5138888888888888 0.1453125 0.5638888888888889
2 0.81875 0.48055555555555557 0.071875 0.2916666666666667
2 0.95625 0.49722222222222223 0.0859375 0.36944444444444446
0 0.325 0.3638888888888889 0.025 0.05277777777777778
0 0.984375 0.34444444444444444 0.028125 0.05555555555555555
0 0.325 0.3638888888888889 0.0265625 0.05555555555555555
3 0.815625 0.3611111111111111 0.0265625 0.05
0 0.6453125 0.31666666666666665 0.0390625 0.06944444444444445
1 0.80625 0.5333333333333333 0.0203125 0.025