2 0.365625 0.48333333333333334 0.06875 0.35555555555555557
1 0.303125 0.55 0.025 0.025
2 0.171875 0.5888888888888889 0.228125 0.8
1 0.15 0.7388888888888889 0.059375 0.06666666666666667
2 0.4375 0.525 0.10625 0.44722222222222224
0 0.4359375 0.3388888888888889 0.0375 0.06666666666666667
2 0.309375 0.4861111111111111 0.0609375 0.2972222222222222
0 0.1890625 0.2611111111111111 0.078125 0.1361111111111111
3 0.375 0.375 0.046875 0.07222222222222222
1 0.371875 0.55 0.0234375 0.025
0 0.321875 0.38055555555555554 0.0265625 0.04722222222222222
1 0.43125 0.6 0.0328125 0.03611111111111111