3 0.275 0.3611111111111111 0.021875 0.03611111111111111
2 0.271875 0.4361111111111111 0.0703125 0.2638888888888889
3 0.6078125 0.28055555555555556 0.034375 0.06111111111111111
0 0.4609375 0.2388888888888889 0.0484375 0.09166666666666666
1 0.6109375 0.5138888888888888 0.0328125 0.030555555555555555
0 0.3453125 0.2638888888888889 0.0359375 0.06666666666666667
2 0.35 0.4444444444444444 0.103125 0.4305555555555556
2 0.6125 0.45 0.11875 0.41388888888888886
2 0.4703125 0.5055555555555555 0.15625 0.6416666666666667
1 0.325 0.5361111111111111 0.034375 0.03888888888888889
1 0.4265625 0.6 0.05 0.05555555555555555
0 0.2828125 0.33055555555555555 0.021875 0.041666666666666664