2 0.2265625 0.39444444444444443 0.08125 0.31666666666666665
0 0.353125 0.19722222222222222 0.0640625 0.11944444444444445
1 0.2046875 0.4444444444444444 0.025 0.027777777777777776
0 0.640625 0.2722222222222222 0.03125 0.058333333333333334
0 0.2203125 0.25833333333333336 0.025 0.041666666666666664
2 0.3609375 0.5416666666666666 0.2046875 0.8111111111111111
1 0.309375 0.6583333333333333 0.0640625 0.06388888888888888
2 0.6421875 0.4361111111111111 0.0859375 0.3861111111111111
1 0.0375 0.4638888888888889 0.03125 0.027777777777777776
1 0.63125 0.49722222222222223 0.028125 0.030555555555555555
2 0.06875 0.4027777777777778 0.1046875 0.4111111111111111
0 0.06875 0.23055555555555557 0.034375 0.06388888888888888