1 0.0796875 0.446875 0.08671875 0.5203125
1 0.4796875 0.45859375 0.09453125 0.4
1 0.2328125 0.41875 0.08515625 0.35703125
1 0.41484375 0.43046875 0.0640625 0.31953125
0 0.09921875 0.228125 0.04375 0.078125
1 0.15234375 0.4875 0.10703125 0.575
3 0.06484375 0.5328125 0.0375 0.04375
2 0.15234375 0.25390625 0.046875 0.0890625
3 0.46640625 0.56015625 0.02890625 0.03515625
0 0.221875 0.26953125 0.0296875 0.053125
0 0.475 0.2953125 0.0328125 0.06484375
0 0.4171875 0.29453125 0.02578125 0.046875
3 0.2078125 0.4765625 0.02578125 0.02890625
3 0.12578125 0.56953125 0.03515625 0.03984375
3 0.40859375 0.46875 0.0234375 0.025