0 0.3734375 0.26666666666666666 0.025 0.04722222222222222
0 0.5015625 0.275 0.0234375 0.041666666666666664
0 0.3921875 0.2722222222222222 0.021875 0.044444444444444446
0 0.0921875 0.23055555555555557 0.0328125 0.05555555555555555
2 0.3828125 0.39444444444444443 0.084375 0.3055555555555556
1 0.0625 0.45 0.028125 0.03333333333333333
0 0.2109375 0.23333333333333334 0.059375 0.1111111111111111
1 0.18125 0.6388888888888888 0.04375 0.05555555555555555
2 0.5125 0.4583333333333333 0.1046875 0.41944444444444445
2 0.0890625 0.4027777777777778 0.1046875 0.4
2 0.209375 0.4888888888888889 0.1734375 0.6305555555555555
1 0.50625 0.5611111111111111 0.03125 0.03888888888888889
1 0.3734375 0.46111111111111114 0.0203125 0.025
0 0.525 0.28888888888888886 0.0328125 0.06666666666666667