0 0.08203125 0.32109375 0.0375 0.1015625
1 0.55546875 0.5046875 0.0984375 0.38515625
3 0.54921875 0.621875 0.02890625 0.034375
1 0.08046875 0.5578125 0.16015625 0.5953125
1 0.2625 0.565625 0.16640625 0.621875
0 0.275 0.3046875 0.0609375 0.10703125
1 0.4359375 0.51796875 0.18828125 0.45703125
0 0.221875 0.3375 0.0328125 0.05625
0 0.5484375 0.346875 0.03515625 0.065625
0 0.434375 0.32421875 0.03828125 0.05703125
0 0.04609375 0.31953125 0.0515625 0.096875
0 0.40390625 0.34921875 0.03125 0.05546875
3 0.25390625 0.68125 0.04765625 0.05625
3 0.04609375 0.67109375 0.04375 0.0546875
3 0.42265625 0.60078125 0.03203125 0.0390625