0 0.7756165231128259 0.6050900802037388 0.06321263154179632 0.03941702400410509
3 0.513436499576477 0.44814869203284075 0.04446263154179615 0.039307939695149584
0 0.799498742036905 0.07650199277152543 0.09170165258848365 0.045830650467538224
2 0.7226874861399487 0.7422355561996337 0.05191111049510866 0.03310339149054773
0 0.7526480019249642 0.7470957730221464 0.03922909997176518 0.029905668617910663
3 0.5570338521084908 0.5530543606507516 0.03619510523343692 0.03144998789975162
1 0.5683390182746771 0.15716059855050316 0.6209018471291678 0.2550895593228917
1 0.6197066993082457 0.7307026376799188 0.32088789462538864 0.11901466217500314
1 0.6253967152344356 0.5870344509116353 0.37684946828879456 0.14120782474278978
1 0.5827626232257654 0.4852583274732643 0.4822495998305909 0.18087028844204447
1 0.5850267183593817 0.0682253635776178 0.5419284367187635 0.13279640280522925
0 0.8194765840455751 0.178146306003242 0.09399219468185853 0.05833974082661779
3 0.453996526237772 0.0846447282353901 0.06081567363517095 0.05189884328594585
3 0.4954490078925078 0.005225393828238818 0.047148015785015575 0.004960210772388532
3 0.5727483993223632 0.7155907220870701 0.031234589448421345 0.026735216822512696
0 0.7999691788968428 0.05776108313060504 0.0916106473268119 0.0442681504675382
2 0.7723179468891713 0.5082287157423583 0.07616765785015538 0.04730224687674216