3 0.20990386024287844 0.5796989569792891 0.024583920171816497 0.022284103084255057
0 0.10401130709980366 0.4506233372559425 0.06619156603337353 0.04174321509696384
1 0.44951972241038013 0.13273204829242138 0.7802894448207602 0.26339130762461693
2 0.11432800938379581 0.4687557284896446 0.07573034034363305 0.045031856330665934
1 0.26749063093509334 0.48703989853730273 0.4155032485296619 0.18365362012708847
1 0.23450995533620986 0.3194296586835724 0.28566526232447187 0.11894446347211093
1 0.17803638455313794 0.5822648494308071 0.2503076164629149 0.0995944456152035
0 0.13815177521477068 0.029730184658154753 0.12630355042954133 0.05684210957707686
3 0.33443246946970406 0.48352516071216733 0.04259029172311406 0.038209112012708955
2 0.12863509158682845 0.2949460815738997 0.05961401741285455 0.03538412094116259
0 0.07639531942427555 0.5640994561685102 0.03881019448207601 0.0256545649348082
3 0.6022109531885034 0.05266053895693055 0.08518058344622811 0.07641822402541769