3 0.05390625 0.66953125 0.1 0.09140625
0 0.68828125 0.1890625 0.0375 0.06484375
0 0.44765625 0.16875 0.03828125 0.065625
1 0.4265625 0.3609375 0.15078125 0.45546875
0 0.40625 0.18125 0.04140625 0.078125
2 0.146875 0.1140625 0.08203125 0.1453125
3 0.54921875 0.45546875 0.0375 0.0453125
3 0.6765625 0.41484375 0.03125 0.03125
3 0.3765625 0.44375 0.03515625 0.0390625
1 0.14765625 0.50546875 0.2953125 0.96328125
1 0.68515625 0.35546875 0.0890625 0.396875
1 0.57265625 0.3671875 0.11015625 0.48046875
0 0.56875 0.16875 0.04453125 0.0796875