0 0.3265625 0.21666666666666667 0.05 0.06666666666666667
1 0.121875 0.4444444444444444 0.0296875 0.03333333333333333
1 0.609375 0.5055555555555555 0.03125 0.03888888888888889
2 0.3171875 0.49444444444444446 0.2171875 0.6305555555555555
2 0.61875 0.4361111111111111 0.0984375 0.4
1 0.2796875 0.5805555555555556 0.05 0.05277777777777778
2 0.1484375 0.39444444444444443 0.10625 0.375
0 0.6234375 0.26944444444444443 0.0375 0.06666666666666667
3 0.2765625 0.2222222222222222 0.0515625 0.09166666666666666
0 0.146875 0.2388888888888889 0.034375 0.058333333333333334
3 0.31875 0.2638888888888889 0.046875 0.09166666666666666