2 0.090625 0.18046875 0.03203125 0.06484375
1 0.70625 0.3453125 0.0859375 0.32578125
3 0.6984375 0.4421875 0.02578125 0.03203125
1 0.40703125 0.3328125 0.08203125 0.33828125
1 0.078125 0.35625 0.1234375 0.41796875
1 0.5078125 0.328125 0.0734375 0.278125
3 0.76953125 0.40625 0.0296875 0.03203125
1 0.778125 0.365625 0.0765625 0.359375
2 0.78046875 0.2171875 0.0265625 0.053125
0 0.4078125 0.19453125 0.02890625 0.06015625
0 0.509375 0.2125 0.0234375 0.04375
0 0.703125 0.21015625 0.03515625 0.0515625