3 0.86211092577247 0.4327872032145509 0.03702863855894449 0.03791817067154533
3 0.7835229245188288 0.42276786055859594 0.027335389812585476 0.026871582670272433
1 0.6434542024946472 0.5126490679105951 0.43732340221598387 0.8579248720559974
0 0.5532289854185237 0.17787517325750352 0.10418269780928675 0.14491360534690845
1 0.878841436197311 0.3677707305458692 0.2286899189755382 0.39783970536281676
3 0.6421237200456245 0.6657377052435042 0.07593802586424747 0.08679202267663584
1 0.30501382812146777 0.5220540766231838 0.15922921364440423 0.3189329080203627
0 0.27257706433141426 0.40215974729472903 0.0456594924781526 0.0661340773392725
0 0.829254276326466 0.219960486553187 0.043960600158284534 0.061428396005726985
1 0.7721367951310844 0.3846320612269595 0.1551949315119506 0.28764654535327183
0 0.846578168646334 0.2150729918841871 0.043960600158284534 0.061428396005726985