3 0.66875 0.36944444444444446 0.0234375 0.05277777777777778
2 0.6734375 0.49166666666666664 0.09375 0.3388888888888889
2 0.2671875 0.5027777777777778 0.0828125 0.2777777777777778
2 0.365625 0.5 0.1203125 0.4305555555555556
2 0.759375 0.5166666666666667 0.0859375 0.36666666666666664
0 0.68125 0.3527777777777778 0.03125 0.06111111111111111
1 0.659375 0.5722222222222222 0.025 0.025
0 0.759375 0.36666666666666664 0.0359375 0.058333333333333334
0 0.365625 0.3333333333333333 0.034375 0.06666666666666667
0 0.28125 0.39166666666666666 0.0234375 0.04722222222222222
0 0.334375 0.3138888888888889 0.0328125 0.058333333333333334
1 0.3375 0.575 0.0328125 0.030555555555555555
1 0.75625 0.5722222222222222 0.0265625 0.030555555555555555