0 0.3875 0.26666666666666666 0.0421875 0.06944444444444445
3 0.2046875 0.2388888888888889 0.0484375 0.08888888888888889
1 0.49375 0.5083333333333333 0.028125 0.03333333333333333
0 0.509375 0.2972222222222222 0.0328125 0.06111111111111111
1 0.0359375 0.5388888888888889 0.0375 0.03888888888888889
2 0.065625 0.4444444444444444 0.1296875 0.5305555555555556
2 0.509375 0.45 0.0859375 0.36944444444444446
2 0.38125 0.46944444444444444 0.1140625 0.475
2 0.2125 0.49444444444444446 0.1578125 0.6083333333333333
1 0.3703125 0.5916666666666667 0.034375 0.044444444444444446
1 0.1765625 0.6 0.046875 0.05555555555555555
0 0.0578125 0.2222222222222222 0.0484375 0.08333333333333333