1 0.96484375 0.33125 0.06953125 0.4546875
1 0.2640625 0.32421875 0.1109375 0.3390625
1 0.79375 0.27890625 0.06171875 0.22890625
1 0.58203125 0.28046875 0.06171875 0.23671875
1 0.72265625 0.2703125 0.05703125 0.2109375
2 0.2671875 0.18828125 0.02734375 0.059375
0 0.72265625 0.18515625 0.01796875 0.03671875
0 0.79140625 0.184375 0.02109375 0.03671875
0 0.58671875 0.18515625 0.02109375 0.04609375
0 0.9859375 0.1421875 0.02734375 0.06796875
3 0.78203125 0.31875 0.01796875 0.02109375
2 0.28671875 0.18359375 0.02421875 0.05703125