1 0.35 0.475 0.0390625 0.044444444444444446
2 0.134375 0.38055555555555554 0.125 0.4222222222222222
3 0.11875 0.20555555555555555 0.034375 0.08055555555555556
2 0.2296875 0.36666666666666664 0.084375 0.2916666666666667
0 0.6015625 0.19444444444444445 0.025 0.041666666666666664
0 0.2265625 0.25 0.025 0.05277777777777778
0 0.3625 0.16944444444444445 0.040625 0.07777777777777778
0 0.5828125 0.21388888888888888 0.03125 0.05555555555555555
3 0.1453125 0.20555555555555555 0.021875 0.05277777777777778
1 0.5765625 0.40555555555555556 0.028125 0.03333333333333333
2 0.3703125 0.37777777777777777 0.11875 0.5027777777777778
2 0.590625 0.35 0.0859375 0.35