3 0.5375 0.43125 0.03203125 0.0390625
1 0.4421875 0.33125 0.0640625 0.234375
1 0.128125 0.38828125 0.0890625 0.33828125
0 0.76015625 0.1703125 0.05625 0.11484375
0 0.54921875 0.19296875 0.03515625 0.05078125
0 0.44296875 0.2390625 0.0203125 0.0453125
2 0.55078125 0.23359375 0.034375 0.05
1 0.55 0.37578125 0.11640625 0.41875
1 0.75546875 0.4359375 0.19453125 0.65390625
1 0.2640625 0.35703125 0.08203125 0.29375
2 0.2578125 0.2390625 0.0234375 0.05
2 0.26171875 0.2890625 0.02421875 0.04296875
0 0.134375 0.25546875 0.02890625 0.06640625