0 0.26640625 0.31796875 0.01953125 0.03828125
1 0.07265625 0.4640625 0.14453125 0.60546875
1 0.38359375 0.45859375 0.140625 0.5265625
1 0.8296875 0.40859375 0.065625 0.24765625
0 0.38203125 0.2359375 0.04296875 0.0765625
0 0.053125 0.21171875 0.0546875 0.096875
3 0.35 0.53515625 0.0421875 0.04453125
1 0.6234375 0.403125 0.06328125 0.259375
0 0.82890625 0.30546875 0.02109375 0.0390625
0 0.62265625 0.2953125 0.02265625 0.0421875
3 0.01796875 0.546875 0.03515625 0.046875
3 0.8171875 0.43828125 0.01796875 0.01875
0 0.33046875 0.290625 0.021875 0.040625
3 0.6140625 0.440625 0.01953125 0.021875