3 0.75 0.22777777777777777 0.025 0.04722222222222222
1 0.4 0.3638888888888889 0.021875 0.025
0 0.5734375 0.16111111111111112 0.028125 0.05
1 0.73125 0.35555555555555557 0.021875 0.025
1 0.04375 0.6166666666666667 0.071875 0.07777777777777778
2 0.740625 0.30277777777777776 0.0671875 0.28055555555555556
2 0.56875 0.3055555555555556 0.0796875 0.35
2 0.421875 0.30833333333333335 0.078125 0.30833333333333335
2 0.11875 0.43333333333333335 0.2375 0.8666666666666667
0 0.125 0.07222222222222222 0.1 0.14444444444444443
1 0.553125 0.36944444444444446 0.028125 0.027777777777777776
3 0.4171875 0.17777777777777778 0.025 0.041666666666666664
0 0.746875 0.18333333333333332 0.0234375 0.03888888888888889