1 0.8017261264634332 0.47745816330256463 0.39654774707313367 0.900610383082161
1 0.4050026800307882 0.44532424254465963 0.17106804156530248 0.4033476235152495
1 0.45860440300162103 0.39141198086617707 0.13470329468856052 0.3288644490629279
0 0.7595391473442803 0.1404271762346883 0.11975902985783762 0.17689277210332377
1 0.16217937577606206 0.47739391112448654 0.11552604781181844 0.25488137978345565
3 0.9503396576374101 0.6747925013866553 0.09932068472517983 0.09978470282385174
3 0.42563334259857477 0.4994207091585647 0.03458407825883114 0.03693771034569906
0 0.42192603873663215 0.26511390531849877 0.03779998184962743 0.05265363855894432
3 0.4730759691602038 0.461315303906573 0.026735216822512696 0.030460389812585652
0 0.13270497833358597 0.3805787470970062 0.029923849336070063 0.04148881802583091
3 0.18028902634179614 0.5010898238983257 0.022002265027114644 0.02251149749271768
2 0.3743652375069681 0.28290681057049055 0.04565793364502539 0.06069345909205772