2 0.6078125 0.4222222222222222 0.0765625 0.3277777777777778
0 0.66875 0.2916666666666667 0.034375 0.06388888888888888
0 0.6109375 0.2833333333333333 0.025 0.04722222222222222
0 0.378125 0.3194444444444444 0.0234375 0.044444444444444446
3 0.6921875 0.32222222222222224 0.0265625 0.05555555555555555
0 0.24375 0.3388888888888889 0.021875 0.044444444444444446
1 0.5953125 0.4722222222222222 0.0234375 0.027777777777777776
2 0.371875 0.425 0.065625 0.25833333333333336
2 0.23125 0.44166666666666665 0.0703125 0.25555555555555554
2 0.6875 0.45555555555555555 0.1015625 0.38333333333333336
1 0.6796875 0.5138888888888888 0.0296875 0.03888888888888889