2 0.01875 0.5166666666666667 0.0375 0.5
1 0.409375 0.6277777777777778 0.03125 0.03333333333333333
1 0.171875 0.5944444444444444 0.03125 0.03333333333333333
1 0.278125 0.5555555555555556 0.025 0.025
1 0.0515625 0.6555555555555556 0.04375 0.041666666666666664
0 0.01875 0.3194444444444444 0.0359375 0.06666666666666667
2 0.975 0.49444444444444446 0.0453125 0.41388888888888886
0 0.2890625 0.3611111111111111 0.025 0.05
0 0.41875 0.375 0.040625 0.075
2 0.2859375 0.5 0.078125 0.33055555555555555
0 0.0765625 0.3055555555555556 0.05 0.08611111111111111
0 0.19375 0.3388888888888889 0.0375 0.06666666666666667
2 0.1921875 0.5222222222222223 0.1 0.44166666666666665
2 0.0734375 0.5472222222222223 0.146875 0.5722222222222222
2 0.4125 0.55 0.1078125 0.43333333333333335