1 0.475 0.49921875 0.06953125 0.315625
3 0.46953125 0.59921875 0.025 0.03046875
0 0.37265625 0.31640625 0.05390625 0.1
0 0.475 0.36953125 0.02890625 0.05546875
1 0.1125 0.559375 0.1609375 0.64375
1 0.240625 0.5265625 0.1171875 0.52578125
0 0.11875 0.290625 0.05390625 0.08984375
3 0.07734375 0.65546875 0.04453125 0.05390625
0 0.34609375 0.315625 0.03515625 0.1
3 0.21328125 0.60390625 0.0375 0.0390625
0 0.23828125 0.3109375 0.04453125 0.08046875
1 0.36796875 0.58671875 0.18203125 0.646875
3 0.3453125 0.73359375 0.04609375 0.06015625