2 0.7859375 0.5055555555555555 0.09375 0.3388888888888889
1 0.25625 0.6777777777777778 0.0421875 0.05277777777777778
1 0.4796875 0.5805555555555556 0.028125 0.030555555555555555
1 0.7734375 0.5805555555555556 0.025 0.03333333333333333
1 0.384375 0.5444444444444444 0.0234375 0.027777777777777776
3 0.375 0.3861111111111111 0.0203125 0.03888888888888889
0 0.490625 0.3472222222222222 0.0296875 0.05555555555555555
2 0.484375 0.5083333333333333 0.0890625 0.38333333333333336
0 0.3984375 0.37222222222222223 0.028125 0.05277777777777778
0 0.2765625 0.31666666666666665 0.046875 0.09166666666666666
2 0.3921875 0.49444444444444446 0.078125 0.2972222222222222
2 0.278125 0.5555555555555556 0.1390625 0.5805555555555556
0 0.79375 0.3638888888888889 0.0328125 0.05277777777777778