3 0.69921875 0.5046875 0.04765625 0.05
0 0.559375 0.18671875 0.0328125 0.05625
0 0.9375 0.165625 0.0515625 0.11328125
2 0.33984375 0.184375 0.04453125 0.08046875
1 0.346875 0.41953125 0.1421875 0.559375
1 0.740625 0.4109375 0.1609375 0.63359375
1 0.5671875 0.34453125 0.0921875 0.378125
2 0.2203125 0.2265625 0.02578125 0.05859375
3 0.5546875 0.4125 0.02734375 0.03203125
1 0.221875 0.38046875 0.1078125 0.37109375
0 0.7640625 0.14140625 0.05703125 0.09609375
1 0.925 0.4078125 0.14453125 0.60859375
3 0.3046875 0.5359375 0.04140625 0.04609375