1 0.41875 0.60703125 0.1390625 0.60546875
0 0.56796875 0.41328125 0.02578125 0.0515625
3 0.5640625 0.621875 0.0265625 0.034375
3 0.50078125 0.63203125 0.03125 0.034375
3 0.40703125 0.6890625 0.04609375 0.0515625
3 0.31484375 0.63046875 0.03203125 0.0390625
3 0.128125 0.671875 0.046875 0.05390625
1 0.5125 0.55703125 0.08203125 0.41015625
2 0.49375 0.3828125 0.025 0.05078125
1 0.57109375 0.553125 0.06328125 0.34453125
0 0.32578125 0.36875 0.03515625 0.06484375
0 0.15078125 0.353125 0.05078125 0.09609375
0 0.41015625 0.35625 0.0546875 0.09140625
1 0.1484375 0.59296875 0.14453125 0.58359375
2 0.5203125 0.390625 0.03515625 0.065625
1 0.3203125 0.54765625 0.0890625 0.42890625