3 0.6105872619001792 0.482597731794176 0.0519100098858317 0.0494953889641522
3 0.6362359303420673 0.09804899140511439 0.05541701186299797 0.05903416327441158
0 0.28611384391540157 0.45935614710475237 0.0925350098858317 0.05162445499752551
0 0.2881259659682426 0.6426632920617983 0.05114600593149898 0.03074538896415202
3 0.48361487950439586 0.6380963800305821 0.032268671939110226 0.026637743102595125
0 0.25025459836402586 0.4785255489592032 0.09891234387822054 0.05507700361804453
1 0.4287935034600411 0.03884333050555201 0.3232120069200822 0.049681253956728885
2 0.2940365014828748 0.02242603516439335 0.04432300296574958 0.016355340343633052
1 0.5260597757031625 0.14918436623577222 0.681714209505271 0.23841836386092305
1 0.5130410998469006 0.4993138410210016 0.6303135355889943 0.20142297489677094
1 0.4326572159682426 0.6502378539113003 0.3474426857792746 0.10864017412854529
2 0.2748673488211364 0.08768586499257683 0.10203734387822054 0.05524077792830413
0 0.2543439431936485 0.1388422512431954 0.12454901384016444 0.07201219810012063