1 0.353125 0.453125 0.08515625 0.4203125
3 0.58125 0.7203125 0.06171875 0.07421875
1 0.1421875 0.51875 0.284375 0.946875
1 0.64375 0.5625 0.225 0.80625
0 0.14921875 0.1328125 0.09140625 0.16953125
1 0.91171875 0.51796875 0.07890625 0.34453125
0 0.63046875 0.2234375 0.06640625 0.13125
3 0.0390625 0.7140625 0.0765625 0.0953125
0 0.421875 0.29375 0.0390625 0.084375
1 0.4140625 0.48828125 0.1125 0.47578125
0 0.91796875 0.37421875 0.02890625 0.05390625
0 0.38125 0.2828125 0.0328125 0.075
3 0.90625 0.5859375 0.0296875 0.0390625