1 0.05366296793963301 0.5659771748649238 0.10732593587926602 0.36804565027015246
1 0.3322423409126858 0.513077831040708 0.1881150235356551 0.4890873257680484
1 0.7286321457012243 0.4375544643510015 0.1625501874975285 0.3663938702330857
0 0.2849521038983293 0.3148511513664608 0.04640344155801355 0.06408234736759484
1 0.2245974362863031 0.5519716946503717 0.22716961525582446 0.579459354623989
0 0.017650465707519578 0.4242633900185334 0.035300931415039156 0.06241071996293317
3 0.04147524472828952 0.6208283659719163 0.033576159090609514 0.0448958377489479
0 0.137631044645564 0.39026535753439584 0.03209547970746054 0.04952877404661713
0 0.706799830359379 0.30168145173712974 0.03700116801906326 0.0621924651536097
3 0.2547877224071552 0.6563218887525891 0.04777502678536125 0.05319941106992569
3 0.3574411639651688 0.5902752481010834 0.042978432629559825 0.046785719962933216
1 0.14784006737373542 0.521078847915749 0.11962630194586939 0.3227331502701524
0 0.21062425974252794 0.32369292722717646 0.06430005357072241 0.10530754809323425