1 0.7046875 0.3611111111111111 0.0234375 0.030555555555555555
0 0.625 0.175 0.0265625 0.041666666666666664
0 0.715625 0.17777777777777778 0.0234375 0.041666666666666664
1 0.328125 0.37222222222222223 0.0234375 0.027777777777777776
0 0.5921875 0.18055555555555555 0.021875 0.044444444444444446
3 0.35 0.17222222222222222 0.025 0.041666666666666664
1 0.9546875 0.4666666666666667 0.04375 0.044444444444444446
2 0.3546875 0.3111111111111111 0.0890625 0.3277777777777778
1 0.584375 0.35 0.025 0.027777777777777776
1 0.4875 0.38333333333333336 0.03125 0.03333333333333333
2 0.5875 0.3055555555555556 0.0578125 0.30277777777777776
2 0.50625 0.3111111111111111 0.090625 0.38333333333333336
2 0.715625 0.3055555555555556 0.0765625 0.3
0 0.509375 0.15 0.03125 0.05555555555555555
2 0.628125 0.29444444444444445 0.059375 0.2916666666666667