3 0.1046875 0.17777777777777778 0.0484375 0.10277777777777777
1 0.1 0.5944444444444444 0.046875 0.05555555555555555
0 0.021875 0.18055555555555555 0.04375 0.09444444444444444
0 0.1375 0.2 0.034375 0.08333333333333333
0 0.2828125 0.22777777777777777 0.028125 0.05
2 0.034375 0.41388888888888886 0.06875 0.5638888888888889
1 0.478125 0.46944444444444444 0.0375 0.044444444444444446
2 0.2796875 0.3472222222222222 0.075 0.2972222222222222
0 0.484375 0.19722222222222222 0.04375 0.08055555555555556
2 0.1390625 0.4444444444444444 0.1859375 0.625
2 0.4953125 0.4 0.1375 0.49444444444444446