2 0.925 0.4305555555555556 0.1484375 0.4444444444444444
2 0.0796875 0.4722222222222222 0.1421875 0.5527777777777778
2 0.428125 0.4444444444444444 0.1125 0.41388888888888886
2 0.30625 0.4527777777777778 0.121875 0.49444444444444446
3 0.9625 0.25277777777777777 0.034375 0.06388888888888888
0 0.0734375 0.24166666666666667 0.0484375 0.07777777777777778
2 0.5734375 0.4444444444444444 0.1359375 0.45555555555555555
2 0.2109375 0.43333333333333335 0.10625 0.37777777777777777
3 0.2953125 0.24444444444444444 0.0421875 0.08055555555555556
0 0.2109375 0.2833333333333333 0.03125 0.06666666666666667
0 0.55625 0.24444444444444444 0.0375 0.058333333333333334
0 0.5890625 0.25555555555555554 0.028125 0.05277777777777778
0 0.4234375 0.275 0.0421875 0.06944444444444445
0 0.5625 0.3 0.0390625 0.06944444444444445
0 0.2515625 0.2833333333333333 0.028125 0.06111111111111111
0 0.2609375 0.2638888888888889 0.028125 0.06111111111111111
1 0.2890625 0.5305555555555556 0.0375 0.044444444444444446
1 0.040625 0.5611111111111111 0.0421875 0.044444444444444446
1 0.55 0.5138888888888888 0.0359375 0.03611111111111111
1 0.409375 0.5333333333333333 0.0328125 0.03888888888888889