0 0.78125 0.41388888888888886 0.034375 0.058333333333333334
0 0.7515625 0.39444444444444443 0.0234375 0.044444444444444446
1 0.35625 0.5777777777777777 0.021875 0.025
2 0.3734375 0.5166666666666667 0.071875 0.29444444444444445
2 0.7640625 0.5444444444444444 0.096875 0.36944444444444446
2 0.1875 0.5333333333333333 0.0734375 0.24166666666666667
0 0.190625 0.4388888888888889 0.021875 0.041666666666666664
3 0.3671875 0.39444444444444443 0.028125 0.04722222222222222
1 0.475 0.6194444444444445 0.0296875 0.03333333333333333
3 0.4796875 0.4111111111111111 0.0296875 0.05555555555555555
3 0.1890625 0.46944444444444444 0.0234375 0.03611111111111111
2 0.48125 0.5611111111111111 0.096875 0.375
1 0.7484375 0.6 0.0296875 0.030555555555555555