0 0.19375 0.16111111111111112 0.0328125 0.075
2 0.1875 0.3111111111111111 0.09375 0.38333333333333336
0 0.4953125 0.20555555555555555 0.01875 0.041666666666666664
2 0.609375 0.34444444444444444 0.103125 0.425
2 0.2765625 0.3861111111111111 0.1796875 0.6583333333333333
1 0.5875 0.41944444444444445 0.034375 0.03888888888888889
2 0.8984375 0.4166666666666667 0.184375 0.6472222222222223
0 0.60625 0.16666666666666666 0.0390625 0.06944444444444445
0 0.9125 0.15 0.05625 0.10833333333333334
0 0.26875 0.10833333333333334 0.0609375 0.09722222222222222
2 0.49375 0.29444444444444445 0.059375 0.225
0 0.2625 0.2111111111111111 0.05 0.09444444444444444
1 0.228125 0.49444444444444446 0.0578125 0.06388888888888888