3 0.31524588238884227 0.8324418492772029 0.07882222099021767 0.06955558344622821
0 0.7097547455853742 0.8522675118742459 0.09849768415851479 0.05968261646291495
1 0.5390870738751674 0.17191602781676246 0.428138952503779 0.15640264472990326
3 0.4760564528567149 0.21104712686682275 0.037848610495108834 0.034695904567984305
3 0.41501472411516377 0.42999187867584504 0.05080363680346807 0.043163501809022266
2 0.7611190954865522 0.7459865343754831 0.14195925782192056 0.08376856965141818
2 0.7041682293768357 0.413280254976841 0.09179265785015538 0.05154256784239588
1 0.48334416402946057 0.8882780122129302 0.5706750629988878 0.19658498869158086
0 0.7038167027861277 0.12511851368326826 0.07267863680346806 0.04430992198083885
0 0.7108710686134956 0.16447094075248975 0.06459312101845249 0.03921298620519007
1 0.42238229767268887 0.751337934193769 0.8447645953453777 0.315438966529028
1 0.5191029846385075 0.4214213828597166 0.4862090577372161 0.19060058231457438