2 0.5125 0.5583333333333333 0.08125 0.4111111111111111
1 0.5640625 0.6222222222222222 0.0265625 0.03333333333333333
1 0.5 0.6333333333333333 0.03125 0.03333333333333333
1 0.4078125 0.6888888888888889 0.0453125 0.05277777777777778
1 0.315625 0.6333333333333333 0.0328125 0.03888888888888889
0 0.1515625 0.3527777777777778 0.05 0.09722222222222222
0 0.4109375 0.35555555555555557 0.0546875 0.09166666666666666
2 0.1484375 0.5944444444444444 0.14375 0.5833333333333334
2 0.41875 0.6083333333333333 0.1390625 0.6055555555555555
0 0.56875 0.41388888888888886 0.025 0.05277777777777778
1 0.128125 0.6722222222222223 0.046875 0.05277777777777778
2 0.3203125 0.55 0.0890625 0.42777777777777776
3 0.5203125 0.3888888888888889 0.034375 0.06388888888888888
0 0.325 0.36944444444444446 0.0359375 0.06388888888888888
2 0.571875 0.5527777777777778 0.0625 0.34444444444444444
3 0.49375 0.38333333333333336 0.025 0.05