1 0.7296875 0.23671875 0.08125 0.33046875
0 0.4921875 0.07421875 0.034375 0.05703125
3 0.35625 0.38828125 0.0515625 0.05
0 0.71640625 0.09921875 0.02890625 0.053125
3 0.64765625 0.35234375 0.03515625 0.03984375
0 0.39375 0.0421875 0.0546875 0.084375
1 0.396875 0.29921875 0.14296875 0.5890625
1 0.4984375 0.23828125 0.1046875 0.39296875
0 0.5984375 0.121875 0.02109375 0.040625
1 0.20703125 0.246875 0.15703125 0.42421875
1 0.6671875 0.2796875 0.10546875 0.42421875
1 0.5953125 0.21796875 0.06484375 0.234375
2 0.665625 0.11171875 0.03671875 0.06796875
0 0.22734375 0.06640625 0.0515625 0.06484375