0 0.45 0.4111111111111111 0.0234375 0.041666666666666664
0 0.54375 0.37777777777777777 0.034375 0.075
0 0.1390625 0.38333333333333336 0.0390625 0.05555555555555555
2 0.4484375 0.5194444444444445 0.065625 0.25833333333333336
2 0.7609375 0.5416666666666666 0.1078125 0.37222222222222223
2 0.54375 0.5694444444444444 0.1078125 0.4638888888888889
2 0.134375 0.5611111111111111 0.121875 0.41944444444444445
1 0.4328125 0.575 0.0203125 0.025
1 0.096875 0.6555555555555556 0.0375 0.03888888888888889
1 0.746875 0.5972222222222222 0.0296875 0.030555555555555555
0 0.7796875 0.41388888888888886 0.034375 0.07222222222222222