0 0.6109375 0.29296875 0.0234375 0.0390625
3 0.3421875 0.521875 0.03671875 0.0390625
3 0.44765625 0.48828125 0.02578125 0.03046875
2 0.090625 0.22578125 0.0484375 0.09453125
3 0.02734375 0.615625 0.0546875 0.0546875
0 0.13984375 0.27421875 0.0328125 0.0640625
3 0.6 0.45078125 0.01953125 0.0234375
1 0.36171875 0.4515625 0.11328125 0.4765625
1 0.684375 0.42890625 0.0828125 0.35078125
1 0.46328125 0.428125 0.08046875 0.3203125
1 0.09609375 0.525 0.19140625 0.70546875
1 0.60625 0.39921875 0.06953125 0.25703125
0 0.3609375 0.253125 0.03828125 0.06953125
0 0.4640625 0.29609375 0.03046875 0.05390625
0 0.684375 0.28203125 0.03046875 0.05390625
3 0.68203125 0.52890625 0.02578125 0.03359375