1 0.5890625 0.3046875 0.096875 0.31640625
0 0.57890625 0.17578125 0.025 0.046875
3 0.921875 0.4671875 0.0421875 0.04375
0 0.60390625 0.16796875 0.02578125 0.04453125
3 0.28671875 0.3734375 0.02578125 0.0296875
2 0.30859375 0.16953125 0.0265625 0.04609375
0 0.07734375 0.18359375 0.0296875 0.05546875
3 0.56953125 0.35546875 0.0265625 0.03046875
0 0.70078125 0.175 0.0265625 0.04609375
3 0.69140625 0.365625 0.02421875 0.03125
3 0.44921875 0.38984375 0.03359375 0.03515625
1 0.47109375 0.3171875 0.09453125 0.40078125
1 0.94765625 0.3984375 0.10078125 0.56953125
1 0.70078125 0.30390625 0.0765625 0.309375
1 0.3171875 0.31171875 0.096875 0.340625
0 0.471875 0.14453125 0.03203125 0.05625
1 0.075 0.32421875 0.10390625 0.34140625