1 0.69140625 0.49453125 0.140625 0.41640625
0 0.55859375 0.29296875 0.05078125 0.1046875
1 0.25078125 0.584375 0.23203125 0.78828125
3 0.815625 0.53203125 0.0203125 0.025
3 0.6421875 0.5546875 0.0296875 0.03671875
3 0.9546875 0.54921875 0.02890625 0.03046875
3 0.190625 0.75625 0.05859375 0.07421875
3 0.5171875 0.62578125 0.04140625 0.04609375
2 0.71328125 0.33125 0.02578125 0.053125
0 0.98515625 0.34296875 0.028125 0.0546875
2 0.82265625 0.36171875 0.02578125 0.046875
0 0.67890625 0.3203125 0.040625 0.06640625
1 0.95546875 0.496875 0.0859375 0.36875
1 0.82734375 0.478125 0.06953125 0.284375
1 0.55390625 0.50859375 0.1390625 0.54140625
0 0.2453125 0.25859375 0.06640625 0.1265625