1 0.575 0.6333333333333333 0.025 0.030555555555555555
1 0.0296875 0.65 0.040625 0.044444444444444446
1 0.5140625 0.65 0.0296875 0.03888888888888889
1 0.28125 0.8194444444444444 0.0578125 0.06944444444444445
0 0.5125 0.4166666666666667 0.0328125 0.06388888888888888
0 0.440625 0.4305555555555556 0.025 0.044444444444444446
2 0.4421875 0.55 0.065625 0.2916666666666667
0 0.5765625 0.42777777777777776 0.03125 0.05
0 0.059375 0.34444444444444444 0.0484375 0.09166666666666666
2 0.584375 0.575 0.0734375 0.35555555555555557
2 0.06875 0.5791666666666667 0.1375 0.5638888888888889
2 0.5171875 0.5833333333333334 0.0921875 0.3972222222222222
0 0.3078125 0.3611111111111111 0.065625 0.10833333333333334
2 0.309375 0.6444444444444445 0.1875 0.6916666666666667
1 0.43125 0.5916666666666667 0.021875 0.022222222222222223
0 0.35625 0.40555555555555556 0.028125 0.05277777777777778