3 0.3903150421876025 0.45658307061586595 0.03886409255827132 0.03949885200509069
1 0.164836381750649 0.5350187953135009 0.11859626569391465 0.2653351933481812
1 0.4562724028020412 0.5996239986075936 0.13127980416850207 0.31546246268299927
1 0.9268031079357 0.6504014172104148 0.14639378412860005 0.3562874573519991
0 0.5281077411839614 0.7543200419319123 0.07089783175849824 0.10703179734245402
1 0.6702158517135821 0.571342815245095 0.2089732729503087 0.4381919853596351
0 0.629987699714149 0.7398479145846857 0.04949405771188111 0.0755454400063634
0 0.8301811618725339 0.8102042258911869 0.0642113221398514 0.09445907200827222
3 0.5977902362898199 0.42212461258754913 0.05687004809323426 0.06313634667409058
0 0.1513592135091472 0.6414687899825008 0.02965278366526398 0.04407726400381797
1 0.5581498721320022 0.5179370992600487 0.2615774616950487 0.6027999253659985
0 0.34941725679305796 0.6954370326225475 0.0478224303072194 0.07240225867281787
0 0.8966593337422328 0.7891099285487326 0.039627984390903495 0.061373852005090865
3 0.9052158450901601 0.5193695932129601 0.05012897477225664 0.04900112133990877
3 0.6992460980853851 0.4850325979074134 0.04209821996293321 0.0426602146721816
2 0.6618279767559911 0.734006447247004 0.04453373920022674 0.06767839600572696
0 0.4395710308396751 0.725650696610457 0.03773810217691818 0.051980670671545326
3 0.18104173510869356 0.506693800644501 0.022748019237293703 0.025254538669636162
3 0.47513896469027356 0.5579813912715028 0.025873019237293703 0.025290901336727067
1 0.37019600434598726 0.529502949952275 0.18499013592700014 0.42229426535645337
1 0.8500224028020412 0.5950423025541415 0.24242566841113772 0.5463499306969986