0 0.6086926526495917 0.1470883757601992 0.06141021467218159 0.0427529843909034
3 0.3949841413112737 0.17635918039203738 0.03786362667090888 0.03255952885594056
3 0.3265501252785025 0.4154737548941414 0.0663704346753633 0.06635417549789598
2 0.781034346554778 0.851827983379413 0.12743520401018138 0.07941965988879929
0 0.8687797945576413 0.8337898007099408 0.11822383601209055 0.09315477767481406
3 0.3989292765356879 0.9720907987262064 0.08046929734245412 0.0558184025475871
2 0.8336320878819599 0.8989956492586622 0.11021134134309056 0.07569445916315978
1 0.4763432293125464 0.1698214929132419 0.33750109468490824 0.146106196001134
0 0.7088819146244565 0.3358185482628703 0.12280224801081766 0.08394346878180672
1 0.5543082145528688 0.8414459447351896 0.769388536043907 0.3171081105296206
1 0.4317830652848659 0.3722545229503088 0.701873772040089 0.3197024749418926