3 0.521875 0.53359375 0.03359375 0.0390625
3 0.42578125 0.553125 0.03203125 0.0359375
1 0.2515625 0.465625 0.140625 0.51875
1 0.0703125 0.50703125 0.13984375 0.83046875
1 0.54453125 0.4609375 0.11796875 0.45703125
0 0.021875 0.16953125 0.04375 0.1359375
1 0.78984375 0.478125 0.11171875 0.478125
0 0.24296875 0.25078125 0.05078125 0.08125
3 0.22265625 0.55703125 0.03984375 0.03984375
0 0.53828125 0.271875 0.03984375 0.07109375
1 0.440625 0.46328125 0.09296875 0.39140625
0 0.78203125 0.27890625 0.03984375 0.075
0 0.44375 0.3015625 0.0375 0.065625
3 0.7734375 0.5515625 0.0390625 0.0390625