3 0.6484505401134746 0.4575725198541042 0.029726041356328992 0.03568494292790554
0 0.662091470840271 0.6832082206398924 0.03870293507002263 0.06104881596343468
0 0.9836067322150651 0.6798990142725329 0.03278653556986981 0.07340326674922296
0 0.971194643090012 0.6797727357364856 0.04553513192686935 0.07383991439185814
0 0.6885084216260593 0.6788460523190928 0.035577935070022625 0.06090326674922295
2 0.8532430097154006 0.6688245812694248 0.0327440334984459 0.06700771753501122
1 0.9307299232831984 0.4506310452897795 0.13854015343360332 0.5694135876750565
1 0.6726372109154735 0.522996312658175 0.1309119755977818 0.4005522717116218
1 0.49648347166884055 0.3985808372630263 0.29997892265951653 0.7971616745260526
3 0.8405674195591446 0.48072526778718955 0.026164393713693813 0.026164393713693813
1 0.8510361927185084 0.5373926447516603 0.10329208974197109 0.343137877997928
3 0.9756979367226524 0.35620680314766234 0.04742296360606986 0.04742296360606986
3 0.41774407981717354 0.16062055293826538 0.07409677956950458 0.08452485731976359
0 0.4991933645539647 0.7158495543860074 0.07962334160399784 0.1362329065339754