0 0.1078125 0.334375 0.0265625 0.05703125
1 0.315625 0.4609375 0.12421875 0.44609375
1 0.10234375 0.46640625 0.11640625 0.33359375
1 0.5640625 0.4734375 0.08984375 0.41171875
1 0.50234375 0.45390625 0.065625 0.36328125
3 0.29921875 0.5421875 0.03359375 0.03203125
0 0.55703125 0.3046875 0.03671875 0.06640625
3 0.496875 0.51328125 0.0265625 0.02890625
3 0.54765625 0.5390625 0.03125 0.03984375
0 0.8890625 0.28046875 0.03046875 0.06328125
1 0.89296875 0.43203125 0.11484375 0.37578125
0 0.5203125 0.30546875 0.0328125 0.05625
0 0.50078125 0.3390625 0.03203125 0.0546875
0 0.1296875 0.328125 0.02109375 0.05078125
0 0.31796875 0.284375 0.03828125 0.07578125
0 0.32578125 0.278125 0.03125 0.065625