0 0.10938661322409593 0.8019235630702777 0.14776588534372678 0.07998105357097236
1 0.47967512527850253 0.39263229673402733 0.4607749626829992 0.13100457180708372
1 0.48830994987273313 0.925880554617812 0.7842670066836355 0.14322016318145928
3 0.5992479972151873 0.8561291394395829 0.06947725334181776 0.0641001740119446
0 0.29129551997136494 0.20410039285805529 0.0723840773392725 0.04542290919430558
0 0.06681259329250187 0.6468009583968749 0.13362518658500375 0.09702308320625015
3 0.5388683119430481 0.4068753282691662 0.041024989337999786 0.035320557370694415
3 0.6306150811983244 0.9795841700247913 0.06887726933481808 0.012537674011944232
1 0.48423207188895967 0.806476591186944 0.9116840293602715 0.21960343806708416
3 0.5746620033020469 0.21703092505878424 0.04100680800445424 0.033758057370694414
0 0.16866961187146046 0.9426927270142361 0.1290158853437268 0.0795446424768059
1 0.496550639302206 0.659474304617812 0.993101278604412 0.44823889076437595
1 0.4794949539704104 0.2067493481207982 0.45445223734881746 0.12460910144236151
0 0.29067625994591156 0.3915640252668747 0.07073067067154523 0.03757404160312507
3 0.6454610205681408 0.710561413090937 0.09175224267981755 0.09898432028847229