3 0.64140625 0.5609375 0.03515625 0.04296875
0 0.9140625 0.221875 0.0421875 0.071875
0 0.534375 0.2140625 0.0296875 0.059375
0 0.90859375 0.2265625 0.04140625 0.07109375
0 0.96484375 0.240625 0.0375 0.0640625
3 0.815625 0.44765625 0.0234375 0.02890625
0 0.82890625 0.24296875 0.0265625 0.04921875
1 0.82421875 0.37109375 0.07578125 0.31171875
0 0.66484375 0.228125 0.03984375 0.0765625
0 0.321875 0.209375 0.03515625 0.075
0 0.35625 0.20703125 0.0390625 0.0734375
1 0.9140625 0.44375 0.16796875 0.53046875
3 0.921875 0.53203125 0.0421875 0.04609375
1 0.525 0.359375 0.10390625 0.36171875
1 0.32734375 0.39609375 0.14453125 0.46015625
1 0.66640625 0.43046875 0.12421875 0.49453125