1 0.47890625 0.51328125 0.13984375 0.55546875
1 0.74296875 0.4984375 0.11328125 0.43359375
1 0.2515625 0.49453125 0.34453125 0.98046875
3 0.24140625 0.70546875 0.08046875 0.08671875
0 0.47421875 0.28203125 0.04765625 0.09375
1 0.0484375 0.48828125 0.096875 0.8296875
0 0.74375 0.32109375 0.03984375 0.0734375
0 0.25 0.09296875 0.08671875 0.17421875
3 0.11640625 0.625 0.06015625 0.059375
3 0.4484375 0.62890625 0.04765625 0.0515625
3 0.72890625 0.5859375 0.03359375 0.03984375
0 0.1640625 0.19140625 0.06796875 0.10625