1 0.44235716262193225 0.7519540283311595 0.36791169467652335 0.14969620884855886
3 0.4561133261209044 0.3403786734925953 0.03395850593149916 0.029653266749222952
0 0.2757440296946763 0.5241116263452982 0.0560245069200823 0.035359611248705035
0 0.24975057958094551 0.3664275589341214 0.05771434091247105 0.0385573858558109
3 0.4601044422422464 0.49595658540325405 0.029207338935304604 0.027872442927905538
3 0.5026089131162237 0.751495955957584 0.03408583992388792 0.03277826674922295
1 0.458299272737413 0.1078125 0.916598545474826 0.215625
1 0.38884491307904273 0.36073186890170006 0.3537218606841345 0.14591623738460618
1 0.41211261121560716 0.5091500982235356 0.3453363577183849 0.13148986434907678
0 0.08146751730020556 0.07839251964470713 0.15538251977166348 0.10080913688926815
2 0.29608699908577896 0.7736385913991101 0.052899506920082294 0.03521406203449331