1 0.5122181348785039 0.6991257628858154 0.31207433674699825 0.10178171037960518
0 0.3913460658414853 0.05239218433239653 0.1082367052052021 0.0615465540583344
0 0.3822763607774575 0.26174900361423725 0.13856124203690506 0.07265677088084707
3 0.7829812870434644 0.2070917572284746 0.06890118942018653 0.05663179508134393
3 0.7513881947524456 0.014297286693528689 0.056598610495108836 0.028594573387057377
0 0.3921225266612951 0.36087685002344105 0.07276964206513999 0.04259656615858276
3 0.5819768980326835 0.6948149919067723 0.03105257892507769 0.023610216822512697
0 0.38780966907937087 0.6896967416121849 0.04685958944842135 0.026826120413308986
3 0.6550698476938651 0.33826046487760514 0.03775760523343692 0.03145907825883114
1 0.6501827395472435 0.07635744603986147 0.6402595209055131 0.15271489207972294
1 0.6416058581466216 0.26102125400702075 0.679928236634059 0.2226315833269968
1 0.5703840345538029 0.35749679908836474 0.4430359104104042 0.12441121018321333