1 0.26659272621695446 0.6423294214448186 0.41621604466158857 0.7153411571103627
2 0.7288186286171005 0.36265773376273974 0.04858735731976367 0.07215884288963732
0 0.2899038318840882 0.3814223908359213 0.06835620181924558 0.09479784684397004
2 0.6987672555815714 0.35363556083504627 0.05349318114108108 0.07703734387822055
2 0.459034821545006 0.37973650992301283 0.04346320967712849 0.06259284190105419
0 0.18174672952672336 0.3863725346004111 0.11621581306795062 0.15133168973360736
3 0.7745293507002258 0.6241828241809191 0.04110018899896399 0.04534167490485981
3 0.5006359323794263 0.5865104333449978 0.03277826674922295 0.03408583992388792
3 0.2722563370513747 0.8563613824329643 0.07217040653397522 0.07623884783255334
1 0.36340991418246116 0.6035321541817942 0.2767082808078497 0.5836242193911026
1 0.499214673488086 0.5225116003411923 0.17782120884855884 0.36905770060802234
1 0.7419287123632156 0.5269430682494202 0.23516713606069856 0.4618473784786318