3 0.053125 0.58125 0.04609375 0.04921875
3 0.45 0.5609375 0.03828125 0.04453125
0 0.47265625 0.25234375 0.0453125 0.0859375
3 0.6921875 0.5921875 0.04609375 0.04375
1 0.7203125 0.49921875 0.1375 0.5859375
1 0.096875 0.48046875 0.18203125 0.65078125
1 0.4796875 0.47578125 0.13359375 0.5390625
1 0.36484375 0.4796875 0.10859375 0.46328125
0 0.3671875 0.2890625 0.04609375 0.078125
3 0.34453125 0.58515625 0.0375 0.04296875
3 0.58671875 0.559375 0.03203125 0.0390625
1 0.6015625 0.48828125 0.1015625 0.43046875
0 0.603125 0.3109375 0.03671875 0.06953125
0 0.71484375 0.25703125 0.05234375 0.090625
0 0.0796875 0.20859375 0.05859375 0.096875