0 0.06946523365028709 0.5902901833024442 0.06670165258848364 0.04754961179556503
1 0.2775962520661385 0.603015905712448 0.4882574051487324 0.13711812031790363
1 0.40606142826155833 0.7338070926430894 0.7279863050357929 0.2639981119652012
0 0.0714302810759209 0.5303249062606022 0.0846171946818584 0.060649812521204535
1 0.31744073109003834 0.5241022212288774 0.5839185156438412 0.17320444245775485
1 0.26198041538972744 0.4286061827542901 0.48300846302712275 0.1540873655085802
1 0.3493325571019315 0.8440972626986897 0.579792457765451 0.1559078150530933
0 0.07056021288594838 0.2878199477304145 0.06293961575678067 0.03650298439090331
0 0.05259000483814883 0.44780258293962455 0.054945105233436986 0.033105165879249124
3 0.3127022102551124 0.29549607159169716 0.04115562101845249 0.03730159255827141
0 0.04722767065139925 0.4226661736837974 0.04786064732681178 0.0453323473675948
1 0.24882942605424546 0.2831299916472975 0.4496499314570916 0.14356652775963222
3 0.3436307757436619 0.612338831210344 0.04602513154179624 0.04059028366526398
3 0.34919969432892256 0.4402282182336526 0.04905912628012441 0.039136911069925694
3 0.4110058044710955 0.8454712789407586 0.054474668373499215 0.051800602176918176
3 0.4045690047675617 0.53416175670824 0.062287168373499215 0.05207342068857255
3 0.5073277966491749 0.7724281377410988 0.08185621572854593 0.066790685116543