0 0.6642360154394605 0.6788438982663169 0.08148810217691818 0.05527400496239867
1 0.5038516200634495 0.46947966853019657 0.5772420901960187 0.22500023159363797
1 0.5070609217000628 0.6456055208875615 0.5332738353866953 0.21671254259467396
1 0.43061743967141214 0.8691201036002191 0.75295141832632 0.2534634875894941
0 0.7343922919331485 0.4790215266785297 0.09102679328391083 0.06039815260503385
1 0.62977429083684 0.08870389629959156 0.4373611346610559 0.17740779259918313
3 0.4146998069092729 0.6772065854032541 0.046785719962933035 0.04429796360606986
3 0.41730648485423955 0.44621129652812463 0.05939484736759475 0.048005160462916766
3 0.2938515604526519 0.9215088571148758 0.06468254809323426 0.06541098428423417
0 0.7291888597270125 0.9183922417323416 0.11350199400955016 0.07860449710451575
0 0.7186879024627691 0.6607081743211648 0.08488592068857237 0.06323205417661057
1 0.5455926536438955 0.7483281064957034 0.294389895460829 0.1213485769216895
0 0.8004042493670278 0.08517732734048344 0.0732936562606021 0.04397263192686944