0 0.3591446634309046 0.7085433080632081 0.059793170671545236 0.037665136051661816
0 0.3088157573997242 0.4802424633151999 0.050345445337363515 0.031142351411925874
1 0.39653229137490714 0.29481577718439567 0.31244655068427196 0.13873485721791354
3 0.4603675247055891 0.2734204988128658 0.033139764003817976 0.029079746239076342
2 0.27732830537872516 0.3264187813410308 0.05510567067154524 0.037528743731793844
0 0.30397371606458795 0.46709760563506786 0.05036362667090888 0.032704851411925875
1 0.4854526247612684 0.6829857154267709 0.3314147266868172 0.1580304264973858
0 0.3161480940881323 0.6402395889420205 0.07087612133990877 0.050483384798020656
3 0.49807770472627 0.4247185743605441 0.033139764003817976 0.029079746239076342
3 0.5508043574156326 0.590428490895307 0.037954533338636055 0.04015363855894431
1 0.4372311113939972 0.43430417451882863 0.34246131468808994 0.16772367524374446
1 0.48519753874917804 0.5939004833734596 0.4396999413589988 0.20179244985435077