3 0.5481461699779386 0.6033435554149555 0.04266268899896399 0.04564213978475227
0 0.7395886914846725 0.8972520289458228 0.07867296360606986 0.048878455748187125
1 0.5950404406561031 0.5883029063245784 0.47864303846084477 0.16729043134596894
1 0.6470782454518861 0.26110685959156593 0.30273120181924557 0.10608744995721882
1 0.6107317531048811 0.6884677262169545 0.3157406240689866 0.11760714681406555
2 0.7655007597199097 0.2736689797316111 0.05301799214211709 0.03365156203449331
0 0.788552846156621 0.6192383449092576 0.0690068651776464 0.04219180810555194
0 0.7381118904084341 0.6936176066960819 0.0527996683207995 0.02896406203449331
0 0.6989401127009562 0.9798738604201354 0.06268409057054054 0.0402522791597292
1 0.5790193726257538 0.8146106951997079 0.4463399607105858 0.17669966459674596
0 0.758869538465354 0.8362974123204342 0.070787688998964 0.04695208271265798
1 0.5561896865222739 0.9500856989237615 0.39303087014004523 0.09982860215247698