3 0.5125 0.35703125 0.0359375 0.04375
0 0.525 0.0890625 0.04140625 0.075
1 0.59921875 0.24609375 0.08828125 0.41171875
1 0.39140625 0.2984375 0.1453125 0.59609375
1 0.51796875 0.28125 0.10234375 0.46796875
1 0.08359375 0.27421875 0.13671875 0.53984375
3 0.5859375 0.328125 0.0296875 0.0359375
1 0.30703125 0.259375 0.0828125 0.4953125
0 0.60234375 0.0796875 0.03828125 0.0703125
0 0.325 0.065625 0.0453125 0.08515625
0 0.38359375 0.034375 0.04765625 0.06875
0 0.48125 0.0859375 0.03203125 0.0640625
3 0.04765625 0.35234375 0.04453125 0.04375
3 0.30546875 0.3375 0.03515625 0.0359375
3 0.36953125 0.40703125 0.04453125 0.05390625