0 0.2304475508748524 0.15666072203213488 0.08035334486680375 0.05559656667727224
1 0.42858000886006753 0.3582794080601336 0.4713842045623551 0.1850873560629971
1 0.5072183675298546 0.6343248347389967 0.5933175543720746 0.2645941374124508
3 0.5439953977188224 0.0962163074076784 0.0519100098858317 0.04745680267345424
3 0.6038241120926472 0.6612424180855869 0.05991351087441501 0.05223520934118149
0 0.27579727118017616 0.693380019374589 0.08660334486680368 0.055669292011453916
1 0.4498169747911291 0.12482201806172444 0.5691160504177418 0.24557141740926922
0 0.24761514623594777 0.09980219470081661 0.06903384288963732 0.04609429734245411
2 0.24508441794759653 0.3920987827020893 0.07853617688202616 0.049328385343726744
3 0.5088895913695815 0.36312199673772405 0.03902800790866543 0.03793635200509069
0 0.27885594559074434 0.6566794507081345 0.0912271778706093 0.05416133601209037