0 0.18984375 0.0875 0.08828125 0.15078125
1 0.59765625 0.35703125 0.10078125 0.40625
1 0.38984375 0.3484375 0.09921875 0.39453125
1 0.7859375 0.384375 0.1921875 0.55390625
2 0.3984375 0.178125 0.02890625 0.04375
3 0.73671875 0.47109375 0.04140625 0.04296875
3 0.128125 0.66484375 0.0765625 0.09609375
2 0.39921875 0.21171875 0.02890625 0.059375
2 0.178125 0.209375 0.0796875 0.1296875
0 0.76015625 0.16328125 0.0515625 0.09296875
3 0.58125 0.43671875 0.03046875 0.03515625
1 0.20703125 0.49296875 0.2609375 0.971875
0 0.59765625 0.18671875 0.03203125 0.06328125