3 0.01840008845064573 0.6435141900063633 0.03680017690129146 0.055287484006999676
3 0.41623704791974403 0.5849237240610881 0.046571163111827296 0.048946577339272504
0 0.42538161866996527 0.2668458860598154 0.0616193104386392 0.09284202800763604
3 0.6674355268730566 0.5941009187619046 0.054383663111827296 0.04903748400699968
1 0.6910921057275472 0.49665375409767726 0.23879906257536482 0.6148635733609078
1 0.09909067640718128 0.5348118993475448 0.19818135281436255 0.6852487986950896
1 0.44256360046587534 0.4953254220639516 0.22816539946353753 0.5663351666931806
1 0.3260285478491568 0.5096050033815887 0.18758663111827323 0.4862294960216353
0 0.31860870292730203 0.31485557737904335 0.05960178413027979 0.08501134667409058
3 0.3094564269012915 0.6196430747135433 0.04491765785015547 0.04736589600572696
3 0.5562551031672984 0.5701356127466327 0.04004814732681172 0.04418635200509069
1 0.5683903530967113 0.49600776941436 0.17464701536149257 0.4517272266868172
0 0.5617594634506456 0.31455777474536 0.04968075256024882 0.07552725867281787
0 0.6742209370716993 0.24941512742676847 0.06823333148532651 0.09916475334181778
0 0.02873652641424 0.2605653300047725 0.05747305282848 0.10704997867599957