1 0.21875 0.64140625 0.1953125 0.68671875
2 0.70703125 0.4359375 0.02734375 0.05859375
0 0.31328125 0.378125 0.0421875 0.075
2 0.68203125 0.42265625 0.03203125 0.06171875
2 0.46328125 0.40546875 0.02578125 0.05078125
0 0.21640625 0.3640625 0.07265625 0.11796875
3 0.68359375 0.66953125 0.02734375 0.034375
3 0.45 0.59140625 0.0234375 0.02578125
3 0.18125 0.78828125 0.05078125 0.05546875
1 0.3234375 0.58359375 0.11640625 0.503125
1 0.4640625 0.5359375 0.0765625 0.31796875
1 0.67890625 0.58046875 0.10703125 0.39375