0 0.6782988941844194 0.8677473492410659 0.0799713428896375 0.04849584980971962
0 0.6899260967696079 0.6972438482524828 0.05114600593149898 0.030162343878220456
2 0.7146288912930319 0.09099384825248272 0.07815417490485962 0.04218218281352519
2 0.7687977850575216 0.19720008589519306 0.164184516805914 0.08624520060802228
0 0.6567621338042959 0.9177619366934959 0.06734400889724856 0.044861513840164235
3 0.4670297662372603 0.6930669787082807 0.035521005931499164 0.029525673916276675
3 0.23972970897379825 0.18444003110318896 0.07974584980971959 0.08124468281352519
1 0.4870278147150168 0.08320247775687858 0.5664420365775775 0.16640495551375717
3 0.35660030772057255 0.8956746669590133 0.04703150889724857 0.0440338428896375
1 0.45063680920344734 0.8848233971873498 0.5608923735357157 0.21316311665281457
1 0.5336442632715108 0.7043917978719219 0.38414418973360737 0.12484608007523726
1 0.4308879026617384 0.25420740855605634 0.8617758053234768 0.3134601828878873