3 0.6248137273679508 0.7001082888978415 0.043233174452321596 0.0383946420651398
1 0.5099017812080169 0.6910756521649606 0.39827969028743926 0.23221732067963394
1 0.4271872549480579 0.4483806469738759 0.3502680876218722 0.19042466282947856
1 0.6142556267474478 0.9301333629847705 0.4515578029821361 0.13973327403045915
1 0.5465787302709446 0.8257992626600693 0.40944451082055267 0.2406668575113371
0 0.3628054723533859 0.728523902306135 0.06381845909205772 0.04895271046687384
0 0.39496240597690757 0.8419262496470641 0.07640938730530315 0.05280575256024846
2 0.44589808333222314 0.9978668945548016 0.06952288981258548 0.004266210890396849
0 0.29546589350700225 0.47814519973176867 0.06051160266556703 0.04252069994353036
3 0.49318432798845374 0.43818587059492947 0.035284282132453625 0.033252115756780755
2 0.31442884217421874 0.45975151550266685 0.06698892319868044 0.05069722099021767