0 0.0125 0.36875 0.02421875 0.0609375
1 0.27421875 0.55546875 0.13046875 0.5296875
1 0.44921875 0.49609375 0.07890625 0.334375
1 0.0296875 0.51328125 0.05859375 0.35703125
0 0.2671875 0.3359375 0.046875 0.08359375
0 0.45234375 0.36015625 0.03046875 0.05703125
1 0.75859375 0.49609375 0.0859375 0.29609375
1 0.6203125 0.47578125 0.06640625 0.26875
0 0.03046875 0.36171875 0.02109375 0.05078125
0 0.61875 0.36640625 0.021875 0.040625
2 0.75546875 0.38515625 0.02578125 0.05
3 0.44375 0.55859375 0.0265625 0.034375
3 0.246875 0.62890625 0.0453125 0.04375
3 0.6140625 0.52421875 0.01953125 0.021875