1 0.646875 0.57109375 0.078125 0.27578125
0 0.04765625 0.45703125 0.05234375 0.09296875
0 0.2390625 0.45078125 0.059375 0.11953125
3 0.209375 0.81640625 0.0484375 0.05625
3 0.021875 0.78671875 0.04296875 0.04921875
0 0.3296875 0.459375 0.0359375 0.0640625
3 0.646875 0.634375 0.02109375 0.02578125
0 0.63203125 0.45703125 0.02265625 0.040625
3 0.3234375 0.7 0.02734375 0.03125
1 0.06796875 0.6953125 0.1359375 0.571875
1 0.25234375 0.68671875 0.16875 0.6015625
1 0.3359375 0.62265625 0.09140625 0.39375