1 0.7685655410633828 0.6115073968057076 0.24435476684309484 0.48154683135366605
1 0.574893795512007 0.6269408655311838 0.2486894397707884 0.5113252595669115
1 0.46752430589213045 0.6729771280675961 0.1449728962731287 0.3023019490629279
1 0.9307247124710205 0.6045851100544004 0.13855057505795898 0.2913189849563052
2 0.8199237471086125 0.7994991417911427 0.0498036818249421 0.07323892319868044
3 0.46590079748917346 0.6331333780675961 0.02777217292769336 0.030460389812585476
3 0.5640889466908707 0.5532760449980703 0.043970175893442945 0.04497753087881229
0 0.5024497456257379 0.7832386781467384 0.03960101087441501 0.05265363855894432
2 0.49430432319233597 0.7556903396669362 0.03478617688202625 0.04939224623907634
0 0.6267295040286948 0.8266513605166189 0.0581891847906915 0.08752874373179376
2 0.9515464788198237 0.7167130370140045 0.031533842889637495 0.04617631802583091