0 0.7734076245185255 0.6901310856277941 0.048864746876741985 0.07428297970746059
1 0.6663723502198329 0.5546554614402207 0.12379306576579943 0.3318148360381265
3 0.46380186212368957 0.4557974013766765 0.040888620413308985 0.046021612012708955
3 0.7619762625912277 0.3719305105467162 0.03933521077238851 0.04755683847375849
0 0.6906269407753042 0.6832168380634261 0.034720433645025396 0.05997501785690744
2 0.895532609393215 0.6492896716659207 0.03785452400410492 0.0615920649348082
2 0.9013240671405415 0.5939163790522468 0.039398843285945874 0.05849433847375849
1 0.7416586965308408 0.506745841309837 0.205815746287567 0.46604556006354425
1 0.8823655097625573 0.4951379598153676 0.1725669090517453 0.3904728157455871
2 0.4896547932346323 0.7125246883083074 0.06148292154477701 0.09481366801906325
1 0.46875246165615125 0.5449553587630026 0.19496005951928339 0.47991714529089186