0 0.35 0.17421875 0.04765625 0.0859375
0 0.6453125 0.24453125 0.03515625 0.065625
3 0.075 0.4984375 0.04921875 0.05546875
1 0.6453125 0.38984375 0.09140625 0.3546875
0 0.19296875 0.1984375 0.03828125 0.07421875
0 0.1328125 0.1578125 0.02890625 0.07890625
0 0.10703125 0.14921875 0.05390625 0.09375
0 0.45703125 0.14453125 0.05625 0.09609375
1 0.46875 0.4375 0.165625 0.69140625
1 0.32734375 0.40625 0.1484375 0.5609375
1 0.115625 0.40390625 0.1578125 0.60703125
3 0.31875 0.55859375 0.04296875 0.053125
3 0.4328125 0.5359375 0.05234375 0.05546875