1 0.9326136208772782 0.6722381287965286 0.13477275824544357 0.5676992591180557
1 0.5472108020520212 0.6212853861116324 0.21606024161338197 0.5215152433504862
1 0.388640167879389 0.5778048769935766 0.21960944681858424 0.5824527433504862
0 0.7045737939477519 0.8449618882958339 0.034981215728545935 0.06478985182361115
0 0.7334723386719626 0.8588977549370839 0.05298776308359247 0.07925239532659703
0 0.3871209834385256 0.8196287010817711 0.05436825256024873 0.07616376291777768
3 0.9947411655309019 0.5922973620790286 0.010517668938196324 0.052508057370694416
3 0.7622750889543113 0.5630955988769104 0.048224668373499216 0.051054660144236055
0 0.528064501854377 0.8283705342880212 0.05482327886860805 0.08397626291777768
3 0.5649835890248984 0.48438545136611155 0.04675317363517095 0.05258079255305557
0 0.9730355246047118 0.9012534815700702 0.05392895079057638 0.09822060087368065
3 0.4094616311182732 0.49324869224805584 0.05134966837349921 0.05112739532659738
1 0.7345665888837241 0.636568813257709 0.19996480475344428 0.5398651998474999