3 0.79921875 0.55703125 0.02890625 0.034375
1 0.3734375 0.48359375 0.1359375 0.5765625
1 0.52890625 0.50546875 0.20078125 0.74296875
1 0.61171875 0.4859375 0.084375 0.46015625
0 0.37109375 0.24609375 0.05546875 0.09609375
1 0.2609375 0.47578125 0.1265625 0.55859375
3 0.49140625 0.6390625 0.05390625 0.0640625
0 0.50078125 0.196875 0.05859375 0.11796875
1 0.05703125 0.48671875 0.1140625 0.746875
3 0.33984375 0.58046875 0.046875 0.0453125
0 0.59453125 0.29453125 0.0375 0.0703125
0 0.2640625 0.2421875 0.0421875 0.08828125
3 0.23046875 0.55546875 0.04140625 0.03984375
0 0.0171875 0.190625 0.03359375 0.12109375