1 0.28046875 0.51640625 0.234375 0.825
3 0.22734375 0.64375 0.06640625 0.07421875
0 0.28671875 0.17890625 0.07109375 0.14140625
1 0.52421875 0.48671875 0.12734375 0.53359375
1 0.74296875 0.48359375 0.13125 0.51484375
0 0.75 0.2703125 0.04921875 0.08125
0 0.52265625 0.2625 0.04296875 0.08203125
3 0.49296875 0.55390625 0.04140625 0.04375
1 0.44296875 0.49296875 0.08203125 0.45703125
3 0.425 0.57421875 0.03671875 0.04140625
1 0.03046875 0.50703125 0.06015625 0.96640625
0 0.45390625 0.32265625 0.04375 0.0953125
3 0.725 0.59140625 0.03828125 0.046875