3 0.6160284792173487 0.17047278019318632 0.05029998184962743 0.05389128742738745
0 0.2606279069104459 0.17531025330976888 0.0705761204133089 0.04858735731976358
2 0.27041897990471975 0.640353056452922 0.06429884933607007 0.043608758891340214
0 0.29474785597536945 0.35179782464988707 0.06113748789975162 0.0372132096771284
0 0.2867899102300956 0.37716169768541635 0.06271816861791084 0.040410984284234355
1 0.456947874125742 0.3957917655108779 0.42288402985783763 0.1930866439185815
1 0.41089398897990603 0.6595845918133948 0.36478063836728974 0.1403939834556649
1 0.5222330274219507 0.18265175661953775 0.6232658249391815 0.26802679362813125
0 0.2833477894240032 0.16331752150673395 0.0956670240041051 0.0653767510334573
3 0.48741558236404786 0.6630498860652079 0.0376727168225127 0.03143409057054054
3 0.5328291180756178 0.37507469706624386 0.03927157825883114 0.037756865177646405