0 0.3375 0.31953125 0.02421875 0.0515625
0 0.55859375 0.3203125 0.01953125 0.04453125
1 0.709375 0.4390625 0.06484375 0.2859375
3 0.71484375 0.50234375 0.021875 0.0265625
2 0.70703125 0.3234375 0.025 0.0484375
0 0.571875 0.31875 0.02109375 0.04453125
1 0.33359375 0.440625 0.08046875 0.30078125
0 0.409375 0.29453125 0.03359375 0.06015625
3 0.5671875 0.50546875 0.02265625 0.0265625
3 0.403125 0.51875 0.03046875 0.03046875
1 0.571875 0.44765625 0.08671875 0.31015625
1 0.41484375 0.45859375 0.09765625 0.40078125