1 0.5779690782691662 0.5747033446390463 0.285406356760695 0.7297095906823173
1 0.7214443617041661 0.694859793643678 0.2052408523922921 0.436798394391219
1 0.381528529732187 0.6465396438253921 0.12602351823611144 0.3187234237898611
0 0.10378342980843688 0.7164615609449909 0.046949041603125075 0.07268722749876275
0 0.5413535521492701 0.8708037386915809 0.0680252610179167 0.1065642605154494
3 0.6407256110385761 0.46613725011154167 0.06242857123840277 0.06725609905006032
1 0.13278386483829815 0.545896755427067 0.22751589589527818 0.4551323145630356
0 0.679362698425798 0.856134808342999 0.05018314437666689 0.07753850180902226
3 0.20049934812079823 0.49312695952008134 0.03848192496187499 0.04415279172311415
0 0.3520384386421521 0.7709288121881863 0.032341027735416715 0.048512743102595124
3 0.3949559033072912 0.6073509910664301 0.02725348423243057 0.03107958163720568