1 0.4427550108304855 0.7167350655694076 0.8854374986688199 0.4535281010845861
3 0.5532366095199646 0.8041083214231401 0.09262521751493065 0.08646474082661797
0 0.11450468389249949 0.6194999546240684 0.16032186379145844 0.10873062626704133
1 0.48447495782819405 0.4685066438282388 0.5655938580918752 0.27044184855050324
1 0.5434363030022915 0.2516327612164856 0.5483699905006947 0.2687793546006274
0 0.3370785066495137 0.18792374345889645 0.09382404160312507 0.07084883118569749
0 0.26472680870187465 0.4094078580184729 0.09367857123840277 0.0645988311856975
3 0.5411418787060065 0.5180617371141847 0.054325130508958354 0.05187157220870695
1 0.4661594092912148 0.5504424450579029 0.4781652868534724 0.20587937880112417
3 0.5418127195117008 0.589950372652804 0.05109102773541672 0.04716589149054791
1 0.4250467128621872 0.90078125 0.8500934257243744 0.1984375
0 0.30340614257371484 0.493237957354543 0.10625130642076393 0.06779655405833437
3 0.6439077752668748 0.29909863455666075 0.05741376291777769 0.05032725292686617