0 0.6376985680052945 0.8619420494439967 0.056786331185697494 0.09415179328391084
0 0.3363673512809776 0.7569072867453068 0.04103406615858276 0.07173115626060227
3 0.9436702702916719 0.5562848488031753 0.05504202400410492 0.06284722958158007
1 0.3464276316297946 0.6065079826616229 0.12249418617910823 0.37920140507947586
0 0.8024650499531176 0.8544172700399019 0.04577610831306052 0.08126984736759475
0 0.8613269655459664 0.902557158877309 0.036419289031219645 0.08406746515360979
0 0.887948552879984 0.9136409918169335 0.06308178298109546 0.10218254809323427
0 0.5253349233914888 0.8814509628761751 0.06622496369925486 0.1054166754978958
1 0.5321560533709633 0.5770635632389947 0.2261201976901816 0.7374355457309815
1 0.6769327430661131 0.6242982057045989 0.19875774609117514 0.5990079627913569
1 0.8950087542921036 0.6499058740309186 0.2099824914157929 0.6478819724100038
3 0.6955504119786114 0.46794900198373457 0.047211343285945874 0.0594494110699257
3 0.5761055203898678 0.47861862875542405 0.058167024004105096 0.06295635698624161