3 0.31416755709980365 0.4627548269216895 0.02655585594746528 0.03085189371369381
0 0.3972279613291037 0.278022416044488 0.0496525192218769 0.08492296360606985
1 0.6060994295556122 0.5160982665398259 0.2532997354122205 0.6991781703877141
1 0.41947585481581157 0.44973475020488773 0.1685684520568495 0.45051803846084476
1 0.11539586442674996 0.47687717721213974 0.19537661352223878 0.4564427067816442
0 0.616813443011738 0.22979904755707267 0.06823210085908257 0.11228598428423427
0 0.09648101085413384 0.2944092795695046 0.04430992198083883 0.07220463978475226
0 0.570921088873295 0.24636580934389696 0.06527087516934209 0.11526543507002254
3 0.4411948038204433 0.5964834716688404 0.03658595318850324 0.043788541356328994
3 0.6609683932595652 0.6262031666636606 0.06232293758467122 0.05901543507002245
3 0.17800540705437515 0.5413613622821624 0.03798467887824382 0.040736315963434674