0 0.15183412531827342 0.1109375 0.17013178134945378 0.11875
1 0.33784960992204904 0.57421875 0.43179653469127155 0.18125
1 0.3715449992839114 0.3640625 0.41926017202418076 0.178125
1 0.32619285256209574 0.7703125 0.6004021787078163 0.303125
2 0.19917965062063847 0.3390625 0.04887385200509069 0.0375
3 0.4234496605665501 0.7375 0.052162484006999674 0.0515625
3 0.7457835726448192 0.1609375 0.11360906134627217 0.0953125
2 0.233472834619684 0.34609375 0.06609771467218159 0.040625
2 0.27668867464990987 0.1234375 0.1465306493475448 0.1046875
0 0.10904226257164074 0.7 0.10394316000954502 0.0703125
3 0.42145245058882175 0.5734375 0.04106135200509069 0.0375
1 0.5185665446371832 0.2171875 0.9628669107256336 0.434375
0 0.1671376679265034 0.54140625 0.07083975867281786 0.0453125