1 0.0421875 0.2953125 0.084375 0.471875
1 0.346875 0.47578125 0.23671875 0.940625
1 0.46328125 0.34140625 0.1140625 0.5515625
1 0.1859375 0.3171875 0.13515625 0.5765625
3 0.30078125 0.67265625 0.06328125 0.075
0 0.4625 0.11171875 0.0453125 0.0859375
0 0.3265625 0.06171875 0.07890625 0.11484375
3 0.16796875 0.40703125 0.0421875 0.04140625
3 0.0046875 0.35703125 0.009375 0.0390625
0 0.22578125 0.08671875 0.03359375 0.07578125
0 0.190625 0.10078125 0.05546875 0.11015625
0 0.01875 0.09609375 0.0359375 0.06875