3 0.5048932468951188 0.6862138469174062 0.050984611248705035 0.0575086631118273
0 0.4850902849416789 0.9670453169098481 0.06352315260503386 0.06590936618030377
1 0.5856060535529287 0.7948097839891055 0.18756438998964012 0.410380432021789
1 0.36655849296617743 0.6873018499011779 0.2837245682352371 0.6253963001976441
1 0.5000473891610706 0.7498011208772782 0.21805671877335636 0.5003977582454435
1 0.0858885357702484 0.6563556867893506 0.13684526012968523 0.5627113735787013
3 0.5819673231976358 0.7351133494776549 0.041172963606069854 0.04758763154179633
1 0.2673418970189534 0.7214632892507773 0.19425534573782707 0.5239820735222315
0 0.5693026191020787 0.982438586605824 0.05767125889134021 0.03512282678835206
0 0.2628685285315381 0.9432549892648947 0.06264985731976366 0.07377069994353036
0 0.3252615206736552 0.9780541944700969 0.055924668320799585 0.029747684158514788
0 0.4365072357274672 0.9674019971926962 0.048878455748187125 0.0651960056146077
3 0.2729882754311662 0.6586825681899725 0.04749573821317572 0.04951415258848364
3 0.3527078546291672 0.5970995970585806 0.06250430810555185 0.07064569994353036