0 0.12785716361309582 0.27614766842610033 0.033044873360319825 0.06458069724005648
1 0.3656957575747735 0.4127498214309252 0.16354011533126106 0.49927507142762995
1 0.12930455619529252 0.42313176258190166 0.1490947557657512 0.3725762037328782
1 0.6422139919709412 0.4219985418061902 0.12399293645301732 0.45955800649282175
1 0.5730578782215598 0.40052869075053 0.09300188602347603 0.40437958279171565
3 0.35243551899473424 0.5029072171288542 0.0393834045679843 0.03659206493480802
0 0.6245340897778062 0.2338536595009419 0.04455558344622794 0.07570911201270887
3 0.5695068323145744 0.4670576716758065 0.03132524310259512 0.031768197240056396
3 0.6280529946844748 0.49496843750411906 0.03666784034363317 0.04435001785690744
0 0.9864310235750905 0.2008546043086617 0.02713795284981906 0.07091251785690747
1 0.964782874264831 0.36917791031501607 0.07043425147033808 0.42014095048646727
0 0.583950033355371 0.23534402151365078 0.04077548620519007 0.0631545649348082
0 0.56486251865605 0.27399346428948035 0.03913109905006031 0.06156479139585782
0 0.15092617141501194 0.2687073153418453 0.026385437584671045 0.05665910308425506
0 0.3577217260284248 0.2158339111224997 0.048171906377006656 0.08513865909060954
0 0.36598792740790576 0.20943390665827283 0.03814180913596861 0.07247501785690746