0 0.42734375 0.07421875 0.03828125 0.07421875
1 0.4125 0.25859375 0.08515625 0.4515625
1 0.29375 0.34453125 0.184375 0.6890625
0 0.48203125 0.08203125 0.046875 0.0890625
1 0.4828125 0.3015625 0.1109375 0.53671875
1 0.56953125 0.25625 0.10078125 0.45703125
1 0.19609375 0.284375 0.09453125 0.56328125
0 0.7 0.11484375 0.02890625 0.05390625
0 0.55625 0.0734375 0.025 0.06484375
3 0.68828125 0.33203125 0.03046875 0.03359375
0 0.57890625 0.065625 0.0375 0.06875
1 0.7 0.2765625 0.09453125 0.39375
3 0.40390625 0.32890625 0.0328125 0.03828125
3 0.55859375 0.35078125 0.03203125 0.040625
3 0.19375 0.36640625 0.0421875 0.04375
3 0.47265625 0.39140625 0.04140625 0.05
3 0.2578125 0.4609375 0.0546875 0.06796875