0 0.3640625 0.35703125 0.0390625 0.06796875
1 0.54140625 0.5265625 0.1265625 0.49921875
1 0.38515625 0.50078125 0.12421875 0.459375
1 0.15546875 0.53984375 0.18359375 0.6515625
0 0.5453125 0.31953125 0.04296875 0.07578125
1 0.89375 0.4625 0.11796875 0.375
3 0.35234375 0.58046875 0.034375 0.03828125
3 0.5578125 0.60625 0.03671875 0.0484375
3 0.1296875 0.65703125 0.04921875 0.05
0 0.1546875 0.26875 0.05625 0.09375
0 0.3828125 0.3109375 0.04609375 0.0703125
1 0.296875 0.45390625 0.06953125 0.2546875
0 0.89765625 0.309375 0.03046875 0.06171875