0 0.5612995973382617 0.05127343982753353 0.09083985870696801 0.10254687965506706
3 0.4422285341433005 0.5374912679920772 0.06711851581733086 0.07798375889134021
1 0.5144205746380297 0.3463740781645438 0.3819661492760593 0.6927481563290876
0 0.3914818458553869 0.0443652951828264 0.06313135277546902 0.0887305903656528
0 0.6226310281746205 0.10484778019318633 0.06300401878308026 0.09182793507002258
1 0.360568721368269 0.2545354886274605 0.305512442736538 0.509070977254921
1 0.1879323760071737 0.20052438482235355 0.21961475201434738 0.4010487696447071
0 0.22048625494291585 0.018889087055883914 0.05034750988583172 0.03777817411176783
3 0.15310904844057555 0.22299223614626112 0.04078150889724856 0.044006865177646404
0 0.43307909684397006 0.044013095742336285 0.0545548488211363 0.07583906203449328
3 0.31467790121604466 0.3078295008285695 0.047222509885831696 0.048985463606069854