2 0.71875 0.4265625 0.02734375 0.06015625
3 0.01328125 0.92109375 0.0265625 0.0859375
1 0.42109375 0.55078125 0.08984375 0.365625
1 0.690625 0.575 0.11171875 0.4109375
1 0.2171875 0.615625 0.16640625 0.62421875
1 0.10078125 0.615625 0.2015625 0.74375
3 0.69453125 0.66796875 0.02890625 0.03515625
2 0.41953125 0.396875 0.02578125 0.05078125
0 0.2125 0.35859375 0.059375 0.10390625
3 0.39921875 0.6109375 0.02890625 0.03046875
0 0.05 0.33203125 0.1 0.16328125
2 0.69453125 0.4109375 0.03359375 0.06328125