3 0.4265625 0.42890625 0.03828125 0.0359375
0 0.16484375 0.21328125 0.03828125 0.07109375
1 0.44609375 0.3859375 0.10859375 0.45
1 0.765625 0.3734375 0.0703125 0.28515625
1 0.3515625 0.359375 0.078125 0.296875
2 0.7671875 0.25703125 0.0265625 0.0484375
0 0.43828125 0.196875 0.034375 0.06328125
0 0.36015625 0.23671875 0.02265625 0.0484375
0 0.08125 0.24296875 0.03046875 0.05703125
1 0.2265625 0.3765625 0.121875 0.41796875
0 0.22578125 0.20078125 0.0375 0.0640625
1 0.06875 0.38046875 0.10390625 0.36875