3 0.47109375 0.452277205957584 0.0421875 0.03790241439185813
3 0.4546875 0.5514788393321954 0.0390625 0.036194365177646404
1 0.55078125 0.7220032009951852 0.534375 0.1873889156302031
1 0.51328125 0.8995310415657258 0.8515625 0.19278716087269246
1 0.54453125 0.4230755494236087 0.471875 0.15947793134596894
0 0.859375 0.9279427160917784 0.1390625 0.0502269400324213
1 0.51953125 0.17423994313730243 0.490625 0.1541012266312392
0 0.76953125 0.7125960060003653 0.084375 0.06017982878371626
3 0.4578125 0.7591457901179838 0.0421875 0.04415241439185813
0 0.73828125 0.41248899814248235 0.0734375 0.0471704065339754
1 0.5453125 0.5285079121200558 0.403125 0.1281508486333111
0 0.721875 0.1655968815170939 0.078125 0.047388730355292896
0 0.7109375 0.5122000537668349 0.06875 0.0422645827126578
3 0.44375 0.1973007615819365 0.0421875 0.04415241439185817