1 0.7300771982319796 0.3901807647543855 0.2080775245043755 0.556395874524299
1 0.5639995629733685 0.47827496684528265 0.12834973765090307 0.35021485870696806
1 0.9622662234988543 0.3921584643366436 0.07546755300229151 0.3689356838021084
0 0.7687805947928478 0.6083431743362061 0.0583229526972918 0.09135451186299796
0 0.5796817272016671 0.6144843808757274 0.03891833605604163 0.06246550790866543
1 0.2539348851617018 0.5284446990879665 0.13060191546256972 0.3128421926993569
1 0.3946508041396532 0.5266209194304713 0.10647343123013915 0.2821996877564411
0 0.9932103650257293 0.5441692919032418 0.013579269948541394 0.054207338935304605
0 0.41280335172670196 0.6345779994685273 0.027580792553055566 0.044832338935304604
2 0.2737044841355214 0.6386818621298282 0.03404899810013902 0.054462006920082295
3 0.5593834917349657 0.4143398008376714 0.03212282218833344 0.038773339923887915
3 0.7470088186729517 0.31129176080005283 0.0526898953265972 0.050538510874414924
3 0.3950495412218754 0.4765572524342769 0.023983013867708357 0.02439250494291585