3 0.21326502799988192 0.4902154129605701 0.03505683847375849 0.03926248789975162
1 0.6836281209378673 0.535140010057145 0.20336965096963944 0.641743114166793
1 0.5123298193957397 0.5244166543763631 0.2909902021047298 0.8281714935570923
1 0.4245394930968459 0.5530552596643614 0.1354264001588604 0.5085488190854491
0 0.7092356416341485 0.7936110402095701 0.07068642126547413 0.11133747579950307
1 0.8070792577073425 0.5352031216898551 0.19048782142433468 0.6197953912941561
3 0.5402075831954575 0.3758018923743106 0.06534435633066593 0.07381020472226432
0 0.5720726067311125 0.8584780369881162 0.0757557508107789 0.13323974687674217
1 0.9649761635548364 0.5084537484478758 0.0700476728903272 0.8191681565176623
3 0.7114473835197691 0.4279360432346322 0.05561480032431163 0.05344316256778665
0 0.4609521002382907 0.7591143621236895 0.04670345048646744 0.07995112041330898
0 0.8255873445562478 0.7898088084581387 0.05487050649282175 0.10030907220870695
3 0.8328684159871731 0.44598154040596183 0.04925570616851012 0.04715680113146821