1 0.5423400661202672 0.901418028305023 0.36987724267981753 0.10760452916295264
0 0.7272775927752677 0.8208907569931221 0.07392839600572713 0.044324313011265916
0 0.7013225254216777 0.6709673133404704 0.05970226400381797 0.02985263605166182
2 0.68824291211804 0.8892626722742435 0.056577264003817976 0.029761707838416383
2 0.7240776780712694 0.545890756993122 0.09284202800763594 0.05893238229073816
0 0.7662651780712695 0.5471182878719343 0.04896475867281787 0.046721887305303154
3 0.4186452907383604 0.5401275241483878 0.052053396005727094 0.04368781551854841
3 0.3839094007797221 0.8437011535361322 0.04729317067154515 0.03730142319868044
1 0.5255969141072223 0.8048696372387962 0.487901084022908 0.18288933715965366
1 0.5716804787555414 0.6711000424907878 0.32472837468172655 0.12034857007089492
1 0.5224242714035422 0.5322133872387961 0.5441147213558171 0.1814010449980703