1 0.0625 0.384375 0.125 0.503125
1 0.45 0.38828125 0.12890625 0.45859375
1 0.59453125 0.41171875 0.12421875 0.51484375
0 0.30234375 0.2015625 0.02421875 0.05625
0 0.27578125 0.19140625 0.0375 0.06875
0 0.5890625 0.19296875 0.03984375 0.065625
3 0.02890625 0.46171875 0.040625 0.04375
3 0.2578125 0.4625 0.03671875 0.04140625
0 0.4609375 0.19921875 0.0390625 0.071875
3 0.4375 0.5140625 0.03515625 0.04375
0 0.0546875 0.178125 0.04453125 0.08359375
3 0.57734375 0.490625 0.03984375 0.04296875
1 0.28125 0.39375 0.11171875 0.47578125