0 0.9015625 0.290625 0.0421875 0.075
0 0.73671875 0.2828125 0.02578125 0.04921875
2 0.15 0.2734375 0.03671875 0.07421875
2 0.25546875 0.21796875 0.07421875 0.1546875
0 0.9484375 0.309375 0.03828125 0.0640625
3 0.7203125 0.49921875 0.02734375 0.03203125
3 0.21328125 0.73046875 0.07421875 0.071875
1 0.11484375 0.49375 0.15859375 0.53984375
3 0.9109375 0.6015625 0.03984375 0.04375
1 0.90859375 0.5109375 0.18203125 0.53203125
1 0.734375 0.434375 0.09921875 0.36640625
1 0.29140625 0.5609375 0.25546875 0.853125