1 0.6380530052726596 0.5134575899109132 0.23757447730414522 0.5416078866963623
1 0.8710936837657804 0.48185141187941466 0.24046137512722687 0.4900999306969986
1 0.4759895148913064 0.5028484485996394 0.15548119600113405 0.3376101826861809
0 0.6175123598966485 0.2965973539147312 0.062430567330527965 0.08819089067472685
1 0.2588441657096131 0.5936205412953655 0.19036711668970652 0.39736699069063525
0 0.8432663280454831 0.29475140121741444 0.052891876223535306 0.08339430267345423
3 0.6833803742398008 0.6019564685710044 0.04862103847458741 0.05054544000636341
2 0.24239825409153326 0.4384063299650016 0.039627984390903315 0.06137385200509069
0 0.7121328899337154 0.33766670190168635 0.03143353847458741 0.050345445337363424
0 0.45640867958942916 0.37031775926959387 0.03299603847458741 0.05036362667090888
3 0.48133921380284733 0.5285569732654577 0.030887901451278843 0.034720445337363515