0 0.4753413246773361 0.2797697872135256 0.049637535713814886 0.07015938730530316
1 0.7684428936726293 0.5320463749019049 0.4592959172016936 0.9035368062808414
2 0.6322810714309253 0.32517791244463473 0.09461484496658024 0.14174488229073817
0 0.9795418551161452 0.3377183987210882 0.031534192368792444 0.1961308539192083
0 0.9421839513005417 0.24119875138665522 0.11072286038785606 0.25934155925034236
1 0.4304401075517772 0.43646606809233796 0.18661497889338635 0.40210337226160836
0 0.6184328056026127 0.26857857145755026 0.07680005357072232 0.10530727711788872
3 0.41495938352635964 0.5181252450519421 0.03664661201270891 0.041670674452321775
3 0.5338246116122624 0.7317438126820616 0.07315685633066593 0.0755288489046432
1 0.5385684330398922 0.5941756165221277 0.40267199593621966 0.7910080625490477
2 0.9131276968363146 0.25063358735917485 0.14800467207625304 0.24793269780928667