1 0.5051103825986849 0.47698395347638467 0.6323237933640895 0.25589066666366056
1 0.4897512013049104 0.1864509987616549 0.492752216024817 0.20566372663123925
1 0.4970818959659561 0.7272386646012551 0.9941637919319122 0.5445038262980078
3 0.3228587672263231 0.7728166459900052 0.10739542401336308 0.10338617328319835
0 0.7608791246021848 0.439304055214577 0.11013861600890866 0.07071922249741007
1 0.5563696065404604 0.9032703176205737 0.8672613200190901 0.18094213233664505
0 0.6853455119748648 0.15313542287342274 0.08655566534054522 0.057127603390822165
0 0.9434172625716407 0.6556802642725328 0.09814769334818116 0.11388702564056316
3 0.4268639198759148 0.8936856100103598 0.07429202267663584 0.0768579065339754
3 0.38187232992523074 0.5326967601341945 0.06319089067472694 0.062285984284234173
3 0.3949017779678651 0.2181976124915593 0.04892839600572696 0.04444351282028158
0 0.8976860445576413 0.7608793405750498 0.12759883601209054 0.09495724317557439