2 0.720826696226441 0.4570797732336409 0.03940949247815269 0.06606135200509052
1 0.39431200884199563 0.5397586499443208 0.16127509844242488 0.3892454080203628
1 0.663428070203909 0.604572938574186 0.19397994985435077 0.43960903469127166
1 0.175365780549608 0.5758886959739102 0.2895892812080168 0.665645370703362
1 0.11553642029568656 0.5540960593173189 0.23107284059137312 0.7793078813653622
3 0.6497172596999254 0.7000127079090042 0.03872753087881229 0.04262385200509069
2 0.42153740155757513 0.3824637706079118 0.03601170783841638 0.056649989337999786
0 0.21974523251552974 0.3121801846355924 0.07988137978345575 0.11495338534372675
3 0.3613798368969564 0.5979347766152296 0.035420674452321686 0.03633748933799978
0 0.06812054803407822 0.2623994553230459 0.11772837226160833 0.18099655601527198
2 0.6987160155059132 0.43859340257004986 0.04579588479802066 0.07082157733927233