3 0.4137201494675443 0.6407988245636675 0.053090283665263985 0.04585101087441501
0 0.8107315256062616 0.8664647390512229 0.08639385698624161 0.061250517794497125
0 0.7757811837657804 0.4598764994313463 0.06860615626060226 0.04336268083635879
0 0.8054264667132541 0.8620000735379033 0.08633929328391084 0.05968801779449713
0 0.7957860826851706 0.9146621585188754 0.07134921034428636 0.03255251482874755
3 0.5554289559134811 0.8050947934232976 0.03541171034428636 0.031088173916276673
0 0.7786581247879549 0.7796159964655968 0.05750496515360979 0.038229511862998146
1 0.6391045514669773 0.7993448591268977 0.351403787293461 0.14382157315515495
0 0.7755033868536725 0.6018729984427631 0.09097222958157988 0.058316518783080265
0 0.7564310161572507 0.23208442186474815 0.08762897477225665 0.051939184790691505
0 0.7637698010036411 0.267671753385679 0.08623016587924895 0.05656301779449713
1 0.5685167437550962 0.8771143734613537 0.5975000264936877 0.2209411245614799
3 0.47520076417351625 0.9355263927387256 0.05810516587924912 0.05541701186299797
1 0.617559455998299 0.4780256160469799 0.41203375244707063 0.18217841901054183
1 0.5560391465571374 0.2737957138795331 0.5250446731356432 0.2460737757403436
1 0.5571700491047246 0.6435352109137835 0.5588194724100038 0.23028694965662028