0 0.19609375 0.1265625 0.07421875 0.14375
1 0.58984375 0.48515625 0.11875 0.4515625
1 0.06328125 0.50078125 0.1265625 0.76953125
3 0.13125 0.60859375 0.06015625 0.06875
0 0.78046875 0.2984375 0.04296875 0.0703125
0 0.35 0.07421875 0.09140625 0.1484375
3 0.575 0.54375 0.034375 0.03984375
3 0.0078125 0.64140625 0.01484375 0.06796875
1 0.1828125 0.49453125 0.19453125 0.89375
3 0.76171875 0.57734375 0.03203125 0.03984375
0 0.05546875 0.1859375 0.075 0.125
1 0.32734375 0.4953125 0.41796875 0.990625
1 0.7734375 0.48359375 0.1125 0.44453125
0 0.59609375 0.29921875 0.03515625 0.06953125
3 0.2734375 0.65234375 0.09453125 0.08828125