3 0.6109375 0.53203125 0.028125 0.03203125
0 0.61796875 0.3140625 0.03359375 0.05625
0 0.96796875 0.33125 0.03828125 0.06640625
0 0.92890625 0.30859375 0.03046875 0.06875
0 0.915625 0.30859375 0.03984375 0.06953125
0 0.64375 0.31796875 0.0296875 0.05625
2 0.803125 0.321875 0.0265625 0.06328125
1 0.91640625 0.53046875 0.165625 0.53828125
1 0.6328125 0.46796875 0.1015625 0.3796875
1 0.46640625 0.6015625 0.2390625 0.76953125
3 0.7953125 0.50390625 0.025 0.025
1 0.80390625 0.4484375 0.078125 0.325
3 0.92890625 0.61953125 0.04140625 0.04375
3 0.39765625 0.8234375 0.06640625 0.0765625
0 0.46015625 0.2875 0.06875 0.1265625