0 0.5975368255327703 0.5614501945815039 0.04538774310259512 0.0317590773392725
0 0.5790778318643485 0.3922371179185492 0.06134029172311415 0.03819089067472685
1 0.4281018300553261 0.44240184460536647 0.39749687697836433 0.1654646520528157
1 0.4808882360936484 0.5823268632638668 0.3022729081860289 0.13624877204008906
1 0.33558893995952027 0.3343177192870931 0.6711778799190405 0.3001145614258139
0 0.5963239648356067 0.28663200791695836 0.11667624491161739 0.08099655601527207
1 0.3550172913844298 0.18325465861713866 0.4329364099950512 0.18617714139081554
3 0.20113761759456864 0.30372279463718316 0.06906426051544959 0.06638861600890866
3 0.35458244290019636 0.4448188672820024 0.040864017412854545 0.03482953333863605
0 0.5833182745374021 0.4156109832511401 0.06117651741285464 0.035065890674726985
0 0.5212940665992004 0.1539927779280942 0.06602779172311397 0.03824543467536321