3 0.31328125 0.559375 0.02734375 0.0359375
1 0.3453125 0.44921875 0.115625 0.37421875
1 0.5953125 0.4375 0.08828125 0.334375
1 0.04921875 0.46953125 0.0984375 0.4359375
1 0.20859375 0.44609375 0.12109375 0.38359375
0 0.3390625 0.29375 0.03203125 0.05703125
0 0.22421875 0.29296875 0.03203125 0.06875
2 0.03984375 0.290625 0.034375 0.06171875
2 0.021875 0.353125 0.03359375 0.0640625
0 0.59375 0.29921875 0.02578125 0.0546875
3 0.59140625 0.50546875 0.02421875 0.0296875
2 0.60703125 0.3234375 0.0328125 0.05859375