0 0.60078125 0.26015625 0.02421875 0.04453125
3 0.5984375 0.42890625 0.02265625 0.02421875
3 0.15625 0.40390625 0.0203125 0.02421875
2 0.15859375 0.23671875 0.02265625 0.04140625
3 0.46640625 0.44375 0.01953125 0.02578125
1 0.47890625 0.3734375 0.06640625 0.3546875
0 0.0359375 0.24296875 0.0234375 0.053125
1 0.41328125 0.4171875 0.09921875 0.44921875
1 0.03828125 0.3578125 0.0765625 0.290625
1 0.6 0.38125 0.07421875 0.290625
1 0.7640625 0.51796875 0.24765625 0.63515625
1 0.15859375 0.35 0.06953125 0.27421875
1 0.3015625 0.496875 0.15234375 0.575
3 0.28984375 0.571875 0.04140625 0.04609375
0 0.41171875 0.228125 0.034375 0.0640625
0 0.3109375 0.25390625 0.0453125 0.07890625
0 0.7859375 0.26875 0.05078125 0.11015625
3 0.39609375 0.503125 0.03046875 0.0359375