3 0.6254345383341529 0.4659202213136955 0.03068771034569906 0.03541171034428618
1 0.6433147086298393 0.3830357994439966 0.16770695486891557 0.39920637023308564
1 0.14977296027919199 0.507063510251619 0.2958178638153241 0.8860020205032381
1 0.5549054264973857 0.3487302321134687 0.14994514185764968 0.325223233209777
3 0.3271130471096414 0.3790178997219983 0.0338581744523216 0.03708333774894799
0 0.09812892610167431 0.18059029028868595 0.12470579796757122 0.20883434137714504
0 0.5739245479675713 0.22452140579726607 0.03582985141192587 0.05120040145127884
0 0.3651883939692207 0.1586979652384277 0.04731292069139794 0.07033234736759483
0 0.6652853338609486 0.2261508823836212 0.04239810015828453 0.062356156260602244
1 0.3465018931112908 0.3211607597034648 0.18856502414838783 0.4186656983633867
3 0.5399994920159342 0.3997198132389947 0.027380853919208192 0.029052582939624472