0 0.756084832717167 0.8850537301081769 0.040081344499482086 0.022329533338636055
1 0.6624611112532142 0.8980344407622229 0.24001287799792798 0.09024538136536223
0 0.7229022291169478 0.42269863343408626 0.05465326674922295 0.033430665340545215
0 0.7297065390845264 0.5619156747692226 0.05083906203449331 0.05212612133990877
1 0.6217697988044362 0.7982884320894049 0.36668669396136266 0.12763738804899774
1 0.5798414338316775 0.4397941320814508 0.3554580955329392 0.12126011871417966
1 0.4973649199779386 0.5826623374044967 0.5291910020669146 0.19667938407063304
0 0.6866286271738676 0.5637594380967228 0.0852140620344933 0.05252611067790856
3 0.4194389731210918 0.5942623613939972 0.04407963978475227 0.04111589600572696
0 0.7678828194826005 0.7827917961091313 0.05777826674922295 0.03346702800763594
3 0.5693703908227189 0.8156571980824054 0.03255994292790554 0.0284886266709087
3 0.5277695115819364 0.4501316480744511 0.03255994292790554 0.02848862667090888