0 0.558990598000567 0.17762358278842036 0.03623016587924912 0.05372501785690744
3 0.6315352645127883 0.3545639581938098 0.02603671034428636 0.030123876623205436
1 0.46088545861500574 0.3195735292176979 0.15593755298737566 0.3962318920444809
1 0.5440972626986897 0.3100951635515411 0.1334425048941414 0.3333773360381265
1 0.9785094351165429 0.42718857507448726 0.04298112976691435 0.5086579797074604
1 0.62817216233587 0.3029741846548594 0.1261557945498552 0.3035807418823252
3 0.46541175670824 0.3821144395261234 0.03412202885594055 0.03807274431795715
0 0.4850620246795893 0.1622792264577544 0.0410813569862416 0.05849433847375849
3 0.5435268330244425 0.3608355032431156 0.02765377404661713 0.03171365016215581
0 0.6427480391075596 0.18377021712226355 0.029761911069925696 0.04736592370110611
2 0.6563839531727101 0.1941582922033414 0.02485615626060227 0.041034103084255105