3 0.59921875 0.4984375 0.028125 0.03359375
1 0.378125 0.3484375 0.0671875 0.2703125
1 0.603125 0.43359375 0.09453125 0.390625
1 0.21484375 0.3765625 0.07421875 0.28984375
1 0.13828125 0.35859375 0.078125 0.278125
1 0.66796875 0.38125 0.06484375 0.296875
0 0.60546875 0.26953125 0.03046875 0.05546875
0 0.3734375 0.2375 0.02265625 0.0453125
0 0.6625 0.25625 0.0234375 0.03984375
1 0.278125 0.3390625 0.05859375 0.21875
0 0.2828125 0.2515625 0.02109375 0.03984375
0 0.14296875 0.25078125 0.025 0.05
0 0.2171875 0.25859375 0.02421875 0.0484375