1 0.43872812013367896 0.5745224279077903 0.16881955275664834 0.4581202006080224
1 0.1595570430240062 0.6679090360832859 0.12206155519228026 0.37346135771838507
1 0.31614796226088543 0.654744485702725 0.12935585795222374 0.3440921926993569
1 0.06900418101129735 0.7048731838021084 0.1369774431795714 0.3334730276803288
0 0.1764154862068729 0.8218298735357157 0.03373980032431154 0.054462006920082115
1 0.23047351502082897 0.6809621344101306 0.10852516071216733 0.31357702174882984
0 0.08157059050894397 0.8359467702659551 0.033739800324311564 0.054462006920082115
3 0.42583838230854354 0.5067619249420409 0.03670115909060954 0.04521434091247105
0 0.3254666408332555 0.7927219881741829 0.03379434740221221 0.0575870069200823
0 0.4620996160764892 0.7584172668430951 0.03859094155801355 0.06402800790866543
3 0.05037295779665857 0.6525148463496785 0.028615923701106126 0.029271005931498985
0 0.2422995848269011 0.8096601373758802 0.030505706168510116 0.04808467292769345
3 0.2994065215136507 0.5836998152464895 0.02869774431795715 0.03395850593149916
3 0.14468206534514055 0.624303616121342 0.033385244317957155 0.0341495069200823
3 0.21191047565356605 0.6246975469577007 0.025463650162155814 0.027581171939110406