2 0.34296875 0.17421875 0.02109375 0.04296875
1 0.4234375 0.34921875 0.08828125 0.41640625
3 0.48515625 0.45390625 0.03671875 0.04375
0 0.49921875 0.165625 0.04140625 0.07578125
3 0.409375 0.41640625 0.03046875 0.0359375
1 0.04921875 0.25078125 0.065625 0.26328125
0 0.41640625 0.17890625 0.03515625 0.0609375
1 0.51328125 0.375 0.11875 0.50703125
0 0.36328125 0.16171875 0.02890625 0.0546875
0 0.05 0.14296875 0.02109375 0.04375
3 0.35234375 0.36953125 0.02578125 0.03125
1 0.353125 0.303125 0.0765625 0.3453125
0 0.54375 0.146875 0.02265625 0.04140625