0 0.06640625 0.13671875 0.02109375 0.05078125
0 0.5234375 0.16875 0.04140625 0.071875
1 0.13671875 0.27421875 0.0859375 0.33984375
3 0.19453125 0.88828125 0.07734375 0.0984375
0 0.12890625 0.13359375 0.03046875 0.0515625
3 0.1234375 0.33125 0.02421875 0.02890625
0 0.04296875 0.13046875 0.034375 0.059375
0 0.24609375 0.20859375 0.08359375 0.128125
0 0.59609375 0.12890625 0.02890625 0.0546875
0 0.259375 0.3203125 0.10234375 0.15546875
1 0.0484375 0.296875 0.09609375 0.3984375
1 0.52265625 0.3671875 0.1296875 0.46796875
1 0.59296875 0.2734375 0.09296875 0.3546875
3 0.028125 0.37421875 0.02890625 0.034375
1 0.253125 0.55703125 0.28359375 0.86953125