0 0.2562625769261987 0.643893810622288 0.05003854135632881 0.03606647477225664
3 0.42296207940739805 0.5982935900263827 0.030924668320799497 0.027599210344286362
3 0.318683571754403 0.17450640436168569 0.030851893713693724 0.026036710344286274
2 0.15351018196965066 0.22083331125526015 0.046767992142117173 0.03283234736759475
3 0.41352292101139587 0.4660267270496912 0.029216619106587814 0.024419646641955416
1 0.34658797808349046 0.4964434025475872 0.36926803846084477 0.15797127894075852
0 0.13731160132390757 0.09972220308789212 0.059413541356328856 0.036393856986241646
1 0.3781697719210187 0.4212425059056318 0.47174237510244393 0.21458835588993336
1 0.25239294582338956 0.07433035004633362 0.3080394400324214 0.14866070009266724
1 0.3763225198541041 0.6116219692451429 0.3080394400324213 0.1495932945498552
1 0.540558340160765 0.7361432756910796 0.6961003279551466 0.40961814681159153
1 0.2656484629868973 0.19117803838976938 0.2904152923897862 0.13961809382421575
1 0.4372259024001461 0.29204359002638264 0.6114641546719485 0.3005853979927178
3 0.5096659826316045 0.2606546915703287 0.05708906203449331 0.053472229581579975
0 0.1910849948327135 0.46911455463183815 0.07256851282028158 0.050892866604888454
0 0.19830464350880594 0.3643452090783419 0.08884848428423431 0.06550100362819702
0 0.29863835980547215 0.8225892402965351 0.1221704065339753 0.0775843413771451
3 0.4603487251880064 0.3817137252355927 0.044006865177646404 0.04053571996293304