3 0.1703125 0.29140625 0.02421875 0.0234375
1 0.56640625 0.29453125 0.08984375 0.3203125
1 0.07578125 0.40703125 0.15078125 0.609375
1 0.184375 0.25 0.0828125 0.3203125
1 0.31875 0.4296875 0.1375 0.57421875
3 0.02890625 0.48984375 0.05234375 0.05703125
3 0.3046875 0.52578125 0.04453125 0.0515625
0 0.18203125 0.1171875 0.03046875 0.05078125
2 0.3140625 0.19453125 0.04296875 0.071875
0 0.5703125 0.16015625 0.02421875 0.04453125
3 0.5609375 0.34453125 0.0234375 0.02890625
0 0.07265625 0.14921875 0.05234375 0.06875