0 0.32360716262193223 0.7591880217116488 0.056279174904859806 0.04129084486680377
3 0.4131565049800969 0.4026104164647218 0.02595500494291585 0.024456171939110226
3 0.4951174066904331 0.7240278186321685 0.03089717292769336 0.03089717292769336
0 0.33240118387647044 0.8597782707230657 0.08048067885919252 0.060995849809719616
0 0.32154459691833215 0.8430046061983292 0.06559050790866543 0.04011034684397004
0 0.2647335924325268 0.42822186460128614 0.04027217292769336 0.031279174904859805
0 0.35717037361007786 0.9683255997725386 0.06402800790866543 0.04004667984777584
3 0.6315761715191808 0.788896790457548 0.050220175893442943 0.045723676882026255
1 0.4543332391999472 0.7217769105332227 0.3407416996194392 0.16987473718559976
1 0.5220340282489826 0.9044819811797387 0.4218006986308559 0.16849792098770813
1 0.5234599239906388 0.8050403966930583 0.5067433844101306 0.2624336047898165
1 0.3720367564629717 0.41132884186387314 0.2723445266917457 0.13744955634924097
3 0.5748380346747732 0.9328497203053236 0.03896434091247105 0.03746550790866543