0 0.4856947759679917 0.8976736744015877 0.048265950486467445 0.08132441106992587
1 0.06244641639091488 0.7595312566234219 0.10498314934808159 0.3784375132468439
3 0.12491027110331836 0.08868553248413762 0.0878466477265238 0.11237600362819707
0 0.05264649674699855 0.9137822470047752 0.03535684740221223 0.05745040145127902
3 0.04729297483290129 0.6965401833024443 0.027107970779006795 0.03217758293962447
0 0.18250554626053123 0.8386780980005669 0.0962318920444809 0.14546132213985138
0 0.5661595718280765 0.9449876732204612 0.03384889448011279 0.06052083774894825
0 0.19597593668345434 0.7157862350238756 0.11865236282348772 0.1774752139724834
1 0.4850014805149442 0.6790328018062493 0.16059004139256244 0.522480179126093
1 0.5626100576246169 0.7863666413692958 0.11622065827653535 0.39600695916316
1 0.18936387783772615 0.47117313947037925 0.3443527556754523 0.9411458774894799