2 0.3403855253788472 0.8428569252864566 0.023701120413308983 0.04558522000318135
1 0.41490023292978184 0.6568461526098208 0.11660780054229303 0.43882723734881746
3 0.4741484887835144 0.5436643526018666 0.03933521077238851 0.04732953333863606
0 0.5028855253788471 0.8409660665977305 0.048901108313060604 0.0802511213399086
3 0.3973360039088249 0.5875239879455935 0.03303975897699045 0.03944430800445424
1 0.03763323010111152 0.782321603994273 0.07192149355709233 0.2773806600095449
0 0.41699802235378514 0.8333722899427298 0.040997704722264314 0.0645352146721816
1 0.507274085290914 0.6237422039306396 0.15466231244614975 0.5345760893539081
0 0.36218780250621024 0.8551023866168205 0.03471134328594587 0.05821248933799979
0 0.03776451942691885 0.8940312633275003 0.02371021077238853 0.0471477200031817
3 0.3400002268796577 0.6405313566200022 0.029887487899751618 0.034720445337363515
1 0.3450735462596943 0.7084364719525931 0.10054646330647135 0.3636454240133631
0 0.5504372362494315 0.8583802859245943 0.025263620413308985 0.045603401336727245