3 0.44203028550307766 0.5211634903356386 0.03971095318850324 0.04240566861791084
1 0.7021721681356515 0.4031821465587133 0.139323608095172 0.3038431383672899
1 0.4469391135222388 0.45090098731057643 0.19957279059146024 0.44008971057599666
1 0.8764595171857119 0.4651150408779315 0.15148941542211816 0.32734427088084705
1 0.9421952233148913 0.4601235347296114 0.11560955337021746 0.313263590162688
1 0.38317982869652967 0.3818010084860111 0.14244196404263718 0.3335397287263694
0 0.46659211499257686 0.2745066589535493 0.04562676051544958 0.06587043969514968
0 0.7225521879233553 0.2853679326630668 0.035596663274411536 0.05331589754067192
0 0.40586597693293597 0.2483799753085239 0.03526911465389264 0.04706589754067192
1 0.8128197410664301 0.4131980168738264 0.11762567051050077 0.24748405405833437
0 0.8187621246035153 0.3179491493873837 0.03370661465389233 0.0470568071815924
0 0.970935456240721 0.3453888690385668 0.04061171189493038 0.05959316861791084
0 0.8885357140426372 0.3378803751868869 0.03888543758467122 0.05645907825883114