1 0.42578125 0.48046875 0.10625 0.409375
1 0.159375 0.4109375 0.07109375 0.33515625
1 0.30546875 0.4140625 0.08203125 0.30703125
1 0.0734375 0.38203125 0.09140625 0.29609375
0 0.16328125 0.26875 0.025 0.04609375
1 0.22421875 0.3953125 0.065625 0.28125
0 0.0734375 0.2609375 0.0265625 0.04609375
3 0.41875 0.54453125 0.0296875 0.03671875
0 0.30390625 0.2859375 0.02734375 0.0484375
0 0.43203125 0.31015625 0.0296875 0.05546875
3 0.06015625 0.43203125 0.02421875 0.0234375
0 0.225 0.27578125 0.0234375 0.040625
3 0.29609375 0.48046875 0.02265625 0.028125
3 0.15 0.453125 0.0265625 0.028125
3 0.21171875 0.4484375 0.02109375 0.02421875