1 0.28359375 0.33046875 0.06484375 0.27890625
1 0.540625 0.36171875 0.06953125 0.2515625
1 0.16796875 0.5359375 0.17421875 0.7515625
0 0.1765625 0.22265625 0.06328125 0.115625
1 0.39296875 0.38828125 0.10859375 0.37109375
3 0.38828125 0.46171875 0.02734375 0.03203125
3 0.13046875 0.63125 0.05546875 0.05859375
3 0.5390625 0.40234375 0.01796875 0.02109375
0 0.40625 0.23203125 0.0296875 0.05
0 0.3796875 0.234375 0.02578125 0.04609375
0 0.54453125 0.25859375 0.02265625 0.0390625
3 0.27734375 0.36953125 0.01875 0.02109375