3 0.03267589574165614 0.2442509970047751 0.06535179148331229 0.09162699400955017
1 0.3805895419404228 0.6055382489036918 0.20778059688115108 0.46597720798203357
1 0.15920124505708413 0.46106152948891277 0.31840249011416827 0.8283730589778255
1 0.5887867025108265 0.6417560350160263 0.1535494002274614 0.32209823320977693
1 0.47907878007742466 0.665307607704032 0.1394869002274614 0.3216071598887993
1 0.7446520419404228 0.618251591546781 0.13891389726171183 0.3075446598887993
3 0.7354799717881985 0.5553423637792996 0.027708505931498983 0.029052582939624472
3 0.36022530380342094 0.5484970752198943 0.039091674904859805 0.04037202885594056
0 0.404390503385679 0.7894420229503087 0.0483048488211363 0.07501984736759493
2 0.1528107573400117 0.7618799850238755 0.08927735870696818 0.12325893992586626
0 0.6048507598114696 0.7659301449974929 0.03478617688202625 0.049583337748947895
3 0.5774791293928526 0.5928547435462141 0.02770850593149916 0.029052582939624472
0 0.4933893363894846 0.7941146539831675 0.03810217787060921 0.054379965153609613
0 0.7626924347163294 0.7323240152305784 0.0347225098858317 0.0480208377489479
3 0.4565472054765761 0.6230556203179036 0.02770850593149916 0.029052582939624472
1 0.6770215315602994 0.6651786660488851 0.11337538638729701 0.25516370435383634
3 0.6676120394689649 0.6272967201325692 0.02283000494291585 0.02420139183263199