3 0.09375 0.7875 0.0609375 0.0734375
1 0.3796875 0.40546875 0.10546875 0.42109375
1 0.15234375 0.596875 0.22421875 0.7890625
1 0.56875 0.34375 0.08359375 0.28828125
1 0.4640625 0.3359375 0.06953125 0.29296875
1 0.7171875 0.3453125 0.07265625 0.27578125
3 0.7171875 0.4046875 0.02109375 0.02421875
3 0.36796875 0.4609375 0.0296875 0.03203125
0 0.378125 0.23046875 0.0328125 0.065625
2 0.146875 0.28828125 0.0625 0.1046875
0 0.56875 0.22578125 0.02421875 0.04296875
3 0.5640625 0.390625 0.02109375 0.02421875
0 0.4609375 0.2140625 0.02578125 0.0453125
0 0.7203125 0.23671875 0.02421875 0.04140625
3 0.44765625 0.37890625 0.01953125 0.02421875
1 0.6484375 0.3109375 0.05859375 0.22890625
3 0.64453125 0.346875 0.01640625 0.01953125