3 0.93277287149903 0.3855256590972001 0.030833337748948253 0.0333306972400564
0 0.5200397146054556 0.22934916599376365 0.053110131032858734 0.08993525324641087
3 0.7804886636018145 0.5242041497617093 0.04237103847458741 0.05070911201270896
3 0.5720313228576416 0.5317514172115796 0.042261911069925696 0.047584112012708776
0 0.6825744309401915 0.18273544440397796 0.036121038474587405 0.05060001785690749
1 0.09310522549004673 0.4947709833609085 0.17235127058805608 0.5979580332781829
0 0.5825297909216581 0.2055883376662749 0.02970734736759475 0.04580342370110611
1 0.7433482729503088 0.42322803084914157 0.22254967802978473 0.5597955600635443
2 0.905275320958725 0.15774157833407934 0.036175602176918176 0.05216251785690744
1 0.9209152230429758 0.3145955503309021 0.13987604336872864 0.38345915665497754
1 0.545029824038768 0.45248665706530994 0.20067467802978456 0.5594137305182395