3 0.16640625 0.32421875 0.0234375 0.028125
0 0.17734375 0.128125 0.02890625 0.04921875
0 0.4890625 0.1859375 0.05078125 0.0890625
0 0.22890625 0.13359375 0.0265625 0.04140625
3 0.22734375 0.296875 0.02109375 0.02421875
0 0.10234375 0.134375 0.02421875 0.040625
3 0.48125 0.58125 0.04765625 0.05703125
0 0.5046875 0.2484375 0.05546875 0.09296875
1 0.17421875 0.26328125 0.08125 0.321875
1 0.49765625 0.4609375 0.16015625 0.65078125
1 0.24140625 0.25390625 0.06484375 0.2890625
1 0.0984375 0.22578125 0.07421875 0.2265625