3 0.7395184441433917 0.2043633723582165 0.03584896879233561 0.02832498789975162
0 0.950012208842713 0.24388091119304453 0.05821529172311415 0.03782725292686617
0 0.8271424383776406 0.5752985619551703 0.10664614767057934 0.06778746369925485
0 0.9338239648356066 0.2992723931408678 0.051801517412854284 0.03466589149054773
3 0.7577494657401178 0.2740218873853312 0.0309976944820761 0.025172716822512698
0 0.9574772280645897 0.16108659191120375 0.048512743102595124 0.03152271077238851
3 0.4006485374277009 0.5118612132082754 0.07194359905006031 0.06133747579950324
0 0.757119865446862 0.5842690409761273 0.11166119629109836 0.0740647347764936
1 0.8042426854369644 0.22193266743956044 0.3693785210308992 0.13335896330647135
1 0.5285754635924113 0.5462094630118838 0.7449251549066684 0.26519178804926113
1 0.801956489145866 0.2953792577986401 0.33081398801421225 0.11282829468856051
1 0.8598995431934521 0.14410764928918784 0.2636264880142125 0.11243740924813692