1 0.634229913144504 0.7295288535276806 0.5673546899331605 0.2977679328391082
1 0.7041588092494699 0.5758160656860654 0.378136456979289 0.1927827885594054
3 0.5676697045403618 0.7631201143274537 0.055560253246410875 0.051909729581580064
3 0.6604356773479635 0.8889410590626434 0.04292388555165925 0.04366071996293321
0 0.9090856371699217 0.8203275014355803 0.07907957386326174 0.057415685116542735
0 0.8535860649315129 0.5482416811098275 0.05536933847375849 0.04097222958158007
3 0.6272650726421507 0.598896412420688 0.03648297077900686 0.03250496515360961
0 0.7767451010523649 0.44015387339794654 0.11698867694751698 0.08216271397248338
1 0.49590024999670473 0.49827387512722704 0.7404842727248763 0.3756449400955022
0 0.7944859801112024 0.3829961378259168 0.045857970779006864 0.03283234736759475
1 0.7175799756436803 0.8526786660488851 0.48808420129724617 0.22941474772256534