0 0.5171875 0.1765625 0.02734375 0.04609375
3 0.43203125 0.33203125 0.02109375 0.025
1 0.5953125 0.32421875 0.08359375 0.36328125
1 0.51796875 0.303125 0.07421875 0.3046875
1 0.040625 0.34609375 0.08046875 0.48046875
1 0.440625 0.284375 0.07109375 0.27578125
0 0.015625 0.14296875 0.03125 0.0703125
3 0.584375 0.38203125 0.02734375 0.03125
0 0.5875 0.1734375 0.0296875 0.0515625
3 0.5140625 0.35078125 0.02265625 0.02578125
0 0.4390625 0.16953125 0.02109375 0.04140625
2 0.42421875 0.178125 0.01640625 0.03671875