0 0.2953125 0.278125 0.02578125 0.0453125
3 0.5828125 0.446875 0.01640625 0.0203125
3 0.28203125 0.43671875 0.021875 0.0234375
0 0.2046875 0.2609375 0.03828125 0.0640625
0 0.22265625 0.2546875 0.02109375 0.05390625
0 0.5984375 0.31171875 0.0203125 0.03125
0 0.09921875 0.25390625 0.03125 0.0515625
3 0.18984375 0.5390625 0.03203125 0.03828125
1 0.29453125 0.4015625 0.07265625 0.29609375
1 0.0984375 0.409375 0.0890625 0.36796875
1 0.203125 0.44140625 0.11796875 0.4359375
1 0.5859375 0.409375 0.059375 0.23515625
3 0.07890625 0.453125 0.02734375 0.02890625