1 0.24314128007742472 0.6507925300365892 0.10696356030357368 0.28704656134627216
1 0.5050828645641051 0.6483691534054512 0.10750738836446345 0.26206474267981755
1 0.15755524304273674 0.43016130935708985 0.2862026631162238 0.7764010573679077
0 0.11966267631337243 0.7462766580203627 0.08159219269935693 0.12432838534372674
1 0.36070812346135367 0.6044816987189521 0.1640995810638204 0.3861022266868172
3 0.36760672228249003 0.5310896520528157 0.03271434091247105 0.036301126670909054
3 0.1334730973010806 0.33061529535327183 0.06517401384016445 0.06635225334181775
3 0.5098632064651593 0.6077805160725421 0.02126750494291585 0.023673857336090797
0 0.35190217334762297 0.763048176718634 0.03653967787060939 0.05352498933799978
0 0.32549884083810887 0.7588328440483615 0.03172484387822046 0.050345445337363515
0 0.49375409232098366 0.7537560874044967 0.029780341901054184 0.040952264003817976
3 0.24245287197847892 0.6101402580362711 0.02126750494291585 0.02367385733609062