3 0.14656980845891948 0.2055330241928211 0.03367631802583095 0.03121576674922304
1 0.572702747954936 0.320822153843379 0.18260452916295264 0.3767552067816443
1 0.0875 0.32985662799792803 0.175 0.6597132559958561
1 0.17238816237812776 0.17857241790651482 0.1739736752437445 0.34826633374611504
1 0.2708698118241318 0.3967295665826073 0.30186196067490334 0.6678597038861602
3 0.23041464489365754 0.4965454760120666 0.06289245658477524 0.07002570967712848
0 0.2048549845605938 0.030663610834420246 0.04654003087881238 0.04429796360606987
2 0.3275674073635628 0.14199071670644176 0.06509145407749281 0.09197348428423431
0 0.6128684098708452 0.17718346980681368 0.039091243731793845 0.05643409057054054
3 0.5547507183297649 0.37318302046876745 0.032295674452321774 0.03739299214211709
0 0.09674696786754637 0.03579841294411609 0.03463106426490725 0.064028266749223