0 0.05390625 0.27890625 0.02265625 0.04453125
0 0.1703125 0.27890625 0.01640625 0.03359375
1 0.165625 0.3640625 0.05703125 0.20703125
0 0.5890625 0.284375 0.02421875 0.04453125
0 0.4625 0.2859375 0.04140625 0.03984375
1 0.259375 0.39453125 0.078125 0.31796875
1 0.0515625 0.396875 0.07578125 0.284375
1 0.58515625 0.41328125 0.07421875 0.30859375
1 0.46328125 0.49453125 0.12421875 0.459375
0 0.46484375 0.32421875 0.03984375 0.07109375
3 0.46015625 0.565625 0.0328125 0.03515625
0 0.2609375 0.26328125 0.02578125 0.0484375
3 0.24765625 0.44296875 0.02265625 0.02578125
3 0.58046875 0.4609375 0.021875 0.025