0 0.190625 0.1609375 0.02109375 0.04296875
0 0.56640625 0.16328125 0.02109375 0.0359375
3 0.56640625 0.29765625 0.01796875 0.01953125
1 0.06875 0.36875 0.13671875 0.49296875
1 0.5671875 0.265625 0.06328125 0.24375
1 0.471875 0.33046875 0.12578125 0.40546875
3 0.05078125 0.434375 0.03515625 0.0390625
1 0.1890625 0.27578125 0.07578125 0.2765625
3 0.47109375 0.403125 0.02734375 0.03046875
0 0.4734375 0.1640625 0.03671875 0.0609375
0 0.05078125 0.1640625 0.03671875 0.065625
0 0.07734375 0.17109375 0.0265625 0.05859375